1000
948 1040 5
8222 9897 5
227 -2641 5
7927 -779 5
8288 865 5
1626 -3327 5
3849 -6795 5
3468 7081 5
8003 -6418 5
4603 3061 5
7459 690 5
3780 -6692 5
1982 4037 5
9069 2764 5
248 -5372 5
7575 -3451 5
7273 2061 5
8378 2182 5
6238 406 5
1847 226 5
1704 1876 5
9124 7138 5
977 7813 5
1036 -5564 5
6767 -2259 5
8974 3581 5
9742 4584 5
2218 -3481 5
4835 4339 5
391 2174 5
4114 -4777 5
5706 8629 5
6970 7893 5
6155 -3988 5
1113 -3070 5
2436 4498 5
6009 -7888 5
5759 8897 5
1410 -3067 5
6638 3341 5
3001 -5451 5
5707 -4385 5
5415 -5952 5
698 2881 5
4405 2499 5
8743 4364 5
6137 8735 5
4693 -2626 5
7647 5262 5
7492 -3159 5
6116 4816 5
7572 7637 5
6723 -1712 5
7838 1397 5
2393 3399 5
947 9507 5
7350 799 5
5302 6962 5
1425 2075 5
4522 -4855 5
6548 2323 5
628 5467 5
9084 -5903 5
5805 2431 5
6694 7417 5
3046 6525 5
2340 8062 5
2064 3937 5
8989 1025 5
8940 7973 5
3233 -496 5
2481 1880 5
8301 7338 5
9397 -9278 5
6711 9856 5
7671 9094 5
3977 5072 5
6792 -5713 5
9468 -2908 5
6115 8759 5
1319 9675 5
9383 -3036 5
9838 367 5
4511 -6781 5
7429 -4641 5
2106 -5830 5
7284 7321 5
7458 -677 5
7467 2860 5
6348 -7940 5
215 -6823 5
3825 8630 5
6862 -9117 5
6485 -6369 5
2978 -1908 5
468 -9838 5
1750 9563 5
8920 -6512 5
5580 8855 5
8314 -1464 5
4350 6014 5
1443 5665 5
4564 -707 5
7091 -2600 5
4248 9467 5
6695 -933 5
8578 -8416 5
8397 -3957 5
8137 -1997 5
5448 -7225 5
8306 8296 5
3908 -2798 5
1423 7359 5
1370 9341 5
5742 -7706 5
9253 -8595 5
8075 -5320 5
5862 3843 5
6023 7832 5
771 3493 5
7241 -775 5
8144 2256 5
3900 -5869 5
6283 -7263 5
99 -5645 5
6982 -8995 5
5200 -2305 5
9954 4558 5
4093 693 5
4926 3741 5
1942 -4118 5
2083 4185 5
3632 -278 5
1424 8388 5
2930 3060 5
4535 -1052 5
6356 7237 5
9852 -4959 5
4576 -1724 5
4613 -2355 5
3147 3856 5
1600 -8553 5
2916 -2230 5
2969 -1636 5
8536 -4810 5
945 -8258 5
1045 9358 5
3542 4707 5
1810 -6349 5
5586 492 5
9595 -6873 5
8092 26 5
9140 -6357 5
8344 -6319 5
79 -6269 5
686 944 5
9079 -6351 5
60 7083 5
3506 5431 5
4857 4792 5
4708 -2149 5
6279 -4669 5
1816 4005 5
2938 8124 5
1056 6342 5
9915 4843 5
220 7629 5
5162 -9632 5
2029 -7675 5
5552 2597 5
9869 -2829 5
1828 -3499 5
9090 -455 5
5489 9281 5
4402 -1745 5
6190 -2856 5
6028 3128 5
6618 7493 5
4220 6272 5
7727 8645 5
8244 -9993 5
5021 -2806 5
1931 -9763 5
4325 -3817 5
469 3053 5
1510 -1050 5
5568 5130 5
4784 2109 5
2233 -9188 5
6380 -5888 5
4701 3365 5
7733 6244 5
7152 -4510 5
4866 7607 5
8335 -3508 5
6432 -7462 5
6905 -8856 5
6915 1778 5
4706 9011 5
7040 -1719 5
5212 3790 5
9812 -9221 5
1420 1253 5
9395 -6673 5
4335 -9000 5
7396 -7361 5
2851 3070 5
5799 -3875 5
2063 1814 5
3963 4487 5
4814 9466 5
2290 -409 5
5425 293 5
2495 1408 5
4121 -4184 5
91 -7553 5
9460 1870 5
2282 1924 5
2398 3348 5
2860 5647 5
4241 -7989 5
3407 2458 5
7398 3405 5
4158 4631 5
4877 -4695 5
1589 3280 5
6336 721 5
1302 -4579 5
504 9888 5
7264 -1452 5
6196 -9364 5
7679 -9824 5
682 -5223 5
6270 9208 5
1726 -1387 5
4453 3545 5
294 -6445 5
5833 3018 5
5251 -4610 5
9730 -8311 5
2882 -3774 5
5981 -4736 5
1911 4160 5
690 1291 5
2083 -9237 5
2191 -2377 5
9118 -7184 5
6885 4529 5
3248 -5610 5
8642 -8987 5
681 -7894 5
7327 -5977 5
262 4824 5
331 5490 5
6193 -1004 5
3226 5408 5
5165 -3750 5
8218 5915 5
1711 2221 5
8065 5246 5
5551 -1056 5
6890 5207 5
4123 -6933 5
4108 -5978 5
9152 -2487 5
309 418 5
8371 6382 5
808 9708 5
1441 -2593 5
5736 4484 5
4077 4946 5
3289 -1299 5
6527 -4596 5
5947 -9976 5
5463 -9969 5
7719 6495 5
3770 7503 5
8788 7850 5
5121 4773 5
7376 -48 5
8502 159 5
546 -2247 5
9138 -4847 5
5105 6213 5
3392 -6237 5
5123 1786 5
1657 4146 5
5889 3724 5
3212 -6319 5
9277 1862 5
4159 1483 5
5686 -2492 5
534 -4446 5
9289 1074 5
6392 2586 5
5656 -4069 5
3898 855 5
5012 -6652 5
7970 -6998 5
5433 -7396 5
2221 -4205 5
6803 5956 5
4835 2155 5
449 2719 5
5694 -4643 5
8471 -5289 5
7515 -5650 5
1731 9509 5
790 6898 5
3847 5888 5
7458 -3475 5
1920 9659 5
5021 7585 5
4693 7703 5
628 4340 5
3070 4750 5
7098 9373 5
9046 -6644 5
4512 3566 5
9556 1527 5
5982 -9323 5
1584 -5759 5
5497 2705 5
9282 -9252 5
465 -991 5
6155 139 5
4947 -549 5
5505 -6022 5
8944 9035 5
4965 -1476 5
5833 -4055 5
2178 1252 5
2946 8212 5
7974 -9993 5
2130 4935 5
5204 3286 5
6193 4083 5
1597 7528 5
2716 346 5
7357 -7437 5
3280 3065 5
1447 -9571 5
8452 -3078 5
1954 4698 5
2436 -260 5
4138 4738 5
8140 5511 5
2251 4585 5
3122 -8573 5
5471 -9276 5
159 -2291 5
5121 -9470 5
7884 -8883 5
2442 4173 5
4102 -6027 5
2042 -2024 5
7113 -5037 5
5524 2460 5
6210 -499 5
6208 2631 5
2802 -7597 5
5138 -7162 5
2794 4638 5
6561 375 5
6546 7887 5
7021 5738 5
519 3799 5
9636 -7770 5
8482 -4621 5
6458 8362 5
9470 -4800 5
1614 -7951 5
618 -2498 5
5358 3769 5
7630 7549 5
849 8094 5
8508 1746 5
4378 -5106 5
9484 -1945 5
5124 6427 5
1451 420 5
2051 8688 5
1817 -5693 5
2962 4030 5
9731 -8987 5
2500 -1158 5
683 5265 5
7630 8524 5
5306 -6871 5
7999 -37 5
393 2491 5
9398 519 5
1038 5714 5
4738 -1194 5
3037 348 5
2826 5849 5
9525 6134 5
5297 -8340 5
6094 -6329 5
1471 -5359 5
4647 902 5
8102 -6932 5
5876 -8159 5
7829 1592 5
9490 698 5
5807 3883 5
8143 -3639 5
4051 1280 5
876 3877 5
3235 -1506 5
8349 -7905 5
3985 -4309 5
2090 -4672 5
521 708 5
4948 8247 5
8152 4228 5
4525 3138 5
2225 6631 5
8049 -2801 5
7948 -1888 5
9371 723 5
754 6661 5
8371 8471 5
867 -4920 5
8729 -7706 5
6243 2908 5
9720 8784 5
3577 8794 5
2951 2601 5
2362 -2436 5
9076 6688 5
3391 3719 5
4535 1045 5
1950 1188 5
3785 1362 5
2942 3527 5
9927 -7150 5
9853 -8071 5
1702 -6956 5
4202 -8416 5
9494 -4558 5
5313 7014 5
510 5979 5
8180 1742 5
2392 7881 5
1844 -4109 5
5620 2593 5
5227 285 5
1732 -4049 5
7336 -1080 5
2559 -3627 5
3812 727 5
7194 -3409 5
399 4352 5
7111 -8540 5
790 -6624 5
3250 -2426 5
4483 3234 5
3223 -312 5
303 -439 5
726 4962 5
4295 9589 5
892 4286 5
2057 1575 5
7486 -8174 5
8162 4564 5
9676 -9316 5
9532 -4471 5
7608 -9056 5
959 -6440 5
9518 4118 5
963 -5791 5
6403 -2464 5
4897 2404 5
8612 3426 5
5123 6332 5
8064 -7670 5
6705 -7458 5
9495 1647 5
6183 -6051 5
4140 3096 5
5061 -5756 5
812 -8975 5
3340 -9617 5
4229 3802 5
425 4068 5
4869 -3657 5
8788 9022 5
5455 -1914 5
5781 6609 5
8571 6632 5
4874 -4642 5
2809 -7407 5
1798 6393 5
2899 -9592 5
8405 -2803 5
9245 -1387 5
389 -810 5
5315 -2661 5
9285 7711 5
-2342 46 6
-3911 -2691 6
3713 3327 6
3926 -1465 6
4121 297 6
3686 3142 6
3282 -3316 6
-3969 -3344 6
3255 4459 6
-4140 3822 6
4691 -2851 6
-1393 -1494 6
1740 1084 6
3343 -4996 6
610 -2735 6
1109 -4723 6
-3007 4406 6
4148 3756 6
479 -2449 6
1232 689 6
-4369 4629 6
370 -1316 6
-854 3251 6
-2777 4804 6
3252 4507 6
4749 -149 6
1712 4951 6
3207 878 6
-1837 -1119 6
-345 3088 6
4331 -101 6
-3180 -4765 6
-4725 4688 6
-4677 4240 6
3086 -2203 6
-2930 1067 6
-4897 -1729 6
-4865 -730 6
-4422 2353 6
625 83 6
1044 -2615 6
4821 -1472 6
3761 -2087 6
672 -3947 6
4496 -4964 6
4048 -4713 6
-529 322 6
4534 -3747 6
-1831 -3845 6
1492 1893 6
-1549 1415 6
-2093 4528 6
4865 -527 6
-4362 3756 6
-131 -4145 6
-1832 1075 6
1246 1632 6
2039 -3825 6
860 -2642 6
-2260 3966 6
1166 -887 6
2002 -2157 6
355 1051 6
-1472 -3745 6
227 -3859 6
3994 -2247 6
-3153 3542 6
3883 -4769 6
-484 -1844 6
-361 -2392 6
4980 -2002 6
-3261 2942 6
542 4728 6
1271 704 6
52 2104 6
-2665 759 6
-1407 -206 6
4421 4927 6
-3377 144 6
4448 4079 6
-2805 516 6
-4491 3012 6
-1604 -4023 6
-4331 2438 6
-4488 4536 6
-2378 2525 6
-2797 932 6
1370 1292 6
-3963 -1529 6
2531 -2821 6
-3615 3974 6
-2954 -3668 6
3331 -4611 6
2128 -2422 6
1737 -4297 6
810 4040 6
-2947 4985 6
1788 3935 6
-2576 -2776 6
618 1497 6
-293 -1034 6
1306 -4033 6
-3579 -4414 6
4366 -4863 6
-1803 3656 6
-1085 -471 6
-1801 972 6
-2696 -4165 6
-227 -993 6
620 788 6
-145 2765 6
1859 -4729 6
854 1418 6
-3424 1617 6
-4892 -2105 6
-2428 -154 6
322 1794 6
4859 794 6
-1402 1489 6
4789 300 6
-1493 2572 6
3912 -4718 6
2906 -2873 6
2239 1591 6
1532 -3462 6
2468 2 6
-446 -2061 6
4772 2573 6
940 727 6
3442 -3903 6
3281 -4384 6
4544 2157 6
4705 -4699 6
-1445 -1489 6
1801 -619 6
-1632 4323 6
-2865 3728 6
4887 2548 6
239 -4404 6
2399 -2658 6
-4940 -433 6
2022 -4957 6
-3789 3781 6
-986 783 6
-1573 -2983 6
-4692 3535 6
-4577 4693 6
-4309 426 6
-4919 -1247 6
3326 -4913 6
3915 -1177 6
4761 -249 6
-2961 -3970 6
-4134 -769 6
-4621 -94 6
1035 2581 6
-4601 3098 6
3192 -3240 6
2916 4224 6
-1774 -2987 6
-3178 1656 6
3993 1736 6
-3439 -1630 6
-2333 3896 6
-4264 -3154 6
305 -855 6
696 -2339 6
3262 -2980 6
1352 -1266 6
4933 4748 6
708 -1001 6
1911 -2499 6
1452 1603 6
-2298 -3701 6
-2159 -1386 6
4694 4062 6
1282 -2354 6
4460 4435 6
-3826 3254 6
-4686 2923 6
-912 -2917 6
1937 4437 6
-3523 4492 6
-869 2300 6
-4428 -3306 6
2467 1762 6
-3414 2643 6
4060 -2548 6
-824 -3420 6
-657 -4945 6
-2171 -1244 6
4037 2051 6
-2211 252 6
-3018 132 6
-1046 3030 6
1040 -2653 6
4465 -1148 6
-932 -1979 6
-2133 116 6
1678 3579 6
-953 -4024 6
-2835 -1193 6
-1955 -1822 6
-2849 -854 6
-2484 -1066 6
-4603 1395 6
606 975 6
-4232 -4497 6
1982 -3176 6
1989 2656 6
-4588 1047 6
1365 2806 6
4913 4561 6
-4652 2036 6
-4799 2046 6
-4933 2688 6
1667 110 6
2746 -1943 6
2345 143 6
-1398 744 6
1054 1611 6
-4936 -4953 6
-4326 2678 6
-3842 -3418 6
2100 1473 6
2731 -2153 6
-2050 -255 6
4731 -716 6
2731 2222 6
1367 -4930 6
2347 3017 6
-343 -4529 6
-3423 173 6
-398 -3109 6
-4530 1959 6
-1665 -1768 6
2865 -1280 6
-344 -4754 6
1115 3360 6
4094 1816 6
3496 4735 6
-539 2017 6
732 2168 6
-804 3619 6
-4941 2001 6
-4736 -2261 6
1883 1450 6
1747 2696 6
-1285 -4868 6
1225 3829 6
-2163 -4566 6
-3891 -37 6
2734 -555 6
325 -4149 6
-1239 -2591 6
-1169 -127 6
-2384 4872 6
3206 -4091 6
1397 2655 6
4183 -288 6
-631 -4606 6
-4825 -2532 6
84 -3658 6
3587 -131 6
-3280 1089 6
1605 2012 6
-1711 -2264 6
-109 -37 6
-1753 2319 6
-3337 -4582 6
-3161 -2928 6
392 -4029 6
1377 2865 6
4818 -1301 6
2243 -3651 6
4803 -153 6
75 4208 6
954 639 6
3353 2416 6
-1514 -1148 6
-478 4330 6
-4949 -3447 6
2921 -691 6
4628 -3627 6
1292 -624 6
-2377 -2466 6
-587 4979 6
827 -2149 6
464 2729 6
-4891 -3880 6
3640 -4148 6
4306 -4643 6
-1587 -2709 6
616 -4569 6
-4257 1663 6
-2162 4342 6
-2702 -4992 6
-2072 -4811 6
-3216 -4602 6
265 4716 6
691 -1509 6
2742 -4289 6
413 1568 6
-3730 -1550 6
1802 274 6
4197 4826 6
-2583 4255 6
3315 4343 6
-987 -2660 6
3869 -192 6
-1199 2975 6
-3207 -670 6
-3268 4720 6
-605 767 6
4678 -4592 6
3126 -2519 6
2908 4702 6
3028 -4855 6
-3027 3980 6
381 -1963 6
4556 -478 6
-2118 1078 6
-3081 -2293 6
-809 -3846 6
-1923 3956 6
1234 -1400 6
367 3674 6
4112 1583 6
-2540 3615 6
1014 -2800 6
3181 4582 6
-2117 2698 6
3082 3749 6
-3706 1092 6
1948 2500 6
-97 2555 6
447 2139 6
-4380 481 6
4929 -2988 6
2075 14 6
2811 -1488 6
3936 271 6
-4683 -4909 6
-3756 2609 6
2347 -3977 6
1968 111 6
-388 -118 6
-1872 3378 6
972 -3328 6
4378 3205 6
2468 4531 6
-3751 3434 6
-1232 3163 6
819 446 6
-3392 -4490 6
-1183 -2213 6
3097 -2760 6
1772 3341 6
-2071 1980 6
-2385 20 6
-4392 3195 6
1176 235 6
-2123 755 6
1600 -1559 6
-2747 -803 6
-1125 3743 6
-847 -4915 6
-2593 872 6
-4175 2133 6
-2595 3654 6
485 -1987 6
3283 -3407 6
-295 -1980 6
-4941 3219 6
1646 -1861 6
-4002 -651 6
2347 -691 6
360 -571 6
-3064 -3816 6
2178 -1332 6
-862 -2096 6
1082 1734 6
-4506 704 6
-2303 -1444 6
4419 -104 6
-1192 -1102 6
1106 -3471 6
512 -1828 6
-4606 2941 6
4479 -1385 6
22 -515 6
-4455 -2227 6
-87 -925 6
-690 -1765 6
2787 -4657 6
-1399 -2007 6
4962 -4630 6
-918 449 6
716 889 6
418 4486 6
2880 664 6
4099 -4288 6
-3743 -2463 6
3327 3312 6
-1630 4349 6
4945 3298 6
847 3371 6
-924 -3214 6
642 -2456 6
3897 -2999 6
-3446 4740 6
348 2154 6
3527 -4528 6
4377 1498 6
4248 3748 6
3935 2601 6
1224 -2327 6
1458 -1937 6
-963 2415 6
-2004 -4776 6
-2190 -3806 6
75 -156 6
1548 -3014 6
-756 1439 6
-1368 -918 6
-1669 -2948 6
-234 -2700 6
4479 1423 6
3007 -2250 6
-616 -2850 6
4175 -651 6
-4759 -4281 6
-4358 3339 6
2505 -2281 6
4923 -805 6
-2095 4734 6
-353 -1552 6
-3021 -4868 6
4457 83 6
-3996 3730 6
-4218 1832 6
2526 1735 6
4300 -711 6
-4913 2759 6
3230 -1412 6
145 -763 6
3138 4031 6
2760 4303 6
2017 900 6
3417 4009 6
-1394 -1199 6
-3721 653 6
-2812 3493 6
4376 3584 6
-1089 -470 6
-4259 3226 6
3962 4718 6
1428 121 6
1519 3866 6
-4141 3399 6
-2902 -492 6
-3971 -2864 6
3223 2427 6
-2623 -4369 6
2805 4981 6
-4099 -372 6
-2764 2880 6
177 -4056 6
-4183 -4721 6
-2593 -4958 6
-265 2967 6
482 3405 6
-930 4499 6
-1735 -2250 6
-2610 -700 6
3352 -1445 6
-2083 990 6
3068 1705 6
4882 -4327 6
2760 -1126 6
-2367 -3529 6
-1663 -2358 6
1469 1352 6
319 -2086 6
-2946 561 6
-3458 -2755 6
3531 -2141 6
-864 1562 6
-4687 -1784 6
3898 1661 6
-1484 1255 6
-4873 2540 6
2378 -4485 6
-1628 2022 6
-4570 -2542 6
-923 70 6
4852 -4994 6
-1308 1789 6
4977 -3933 6
-194 1247 6
