1000
9036 -6349 5
6133 5703 5
8367 1427 5
1537 9208 5
3228 -4348 5
8333 -8494 5
4478 -5274 5
6303 -4728 5
7738 5528 5
2640 4490 5
5299 -5419 5
1133 6527 5
372 -9371 5
6580 9569 5
7418 -2883 5
7573 4554 5
393 376 5
9460 9699 5
892 786 5
6536 -6410 5
1462 3072 5
5423 8491 5
9100 -6072 5
5269 9822 5
6736 -8350 5
8440 1334 5
5787 -6614 5
7253 4712 5
5580 -1065 5
8671 -6175 5
3527 -9712 5
1755 -3160 5
7127 -7236 5
9172 5612 5
1686 6888 5
8482 6357 5
3424 2599 5
7077 -3749 5
750 2193 5
9804 -764 5
4772 3134 5
2432 8479 5
7391 8656 5
6636 -4534 5
7153 8147 5
5362 9840 5
9985 860 5
1820 8728 5
2230 -8075 5
7101 -5247 5
9631 -8769 5
3847 -594 5
5281 6164 5
4694 7631 5
4223 -2934 5
7540 4921 5
267 2037 5
1309 -9286 5
1164 4542 5
8405 -6441 5
904 9337 5
505 -2085 5
4020 7221 5
4666 691 5
6869 -7591 5
243 -4371 5
5510 -2894 5
3676 1825 5
8889 929 5
3513 5821 5
2610 -2549 5
2249 -725 5
3043 -2570 5
2812 -57 5
4577 9387 5
6421 -6267 5
9231 -5986 5
7494 7434 5
8441 9890 5
2120 -9044 5
8716 2308 5
1373 7144 5
114 7165 5
3926 9886 5
7203 6477 5
6822 1720 5
3227 -6678 5
9377 -8286 5
6641 -3517 5
5170 -2576 5
4678 5543 5
2876 2247 5
5742 -4011 5
8981 2238 5
1101 2996 5
5900 9428 5
883 -47 5
4996 9082 5
4835 -4122 5
3794 8807 5
6805 6415 5
135 6610 5
5418 -2180 5
3704 -8827 5
2218 -8348 5
3788 -8235 5
242 6594 5
3732 8463 5
2191 4356 5
2514 -1607 5
4360 1840 5
4269 -4435 5
6903 6462 5
844 4039 5
8120 -1437 5
3724 3376 5
2668 1139 5
6261 1392 5
5349 7453 5
4674 9926 5
6075 3752 5
7981 6303 5
3373 -3903 5
6127 -8981 5
4103 8989 5
4917 -1066 5
8977 778 5
3556 6564 5
7802 9805 5
4061 3659 5
8673 35 5
911 -8338 5
5954 7646 5
2609 -346 5
9431 -6484 5
3354 9740 5
3720 -5265 5
9890 -5168 5
3562 6917 5
6368 376 5
3965 3353 5
1921 5882 5
532 -1589 5
2021 -257 5
1410 -6739 5
9496 97 5
8155 -8602 5
4762 -8859 5
1293 -6048 5
9326 -900 5
4400 -4787 5
8575 5134 5
9940 -219 5
1742 -3190 5
8492 82 5
4923 -3999 5
8736 -6078 5
1341 6905 5
5072 7516 5
998 2791 5
7485 -2631 5
9006 -4580 5
9203 5752 5
3237 4593 5
8897 4526 5
4268 4449 5
2827 -558 5
8492 8791 5
695 -9248 5
1692 -6621 5
7531 -805 5
4516 9766 5
4115 9106 5
8489 7057 5
1591 -6550 5
3977 4219 5
4727 -2256 5
9766 1499 5
681 -7797 5
2011 -903 5
7971 -2350 5
8881 576 5
2311 -8767 5
9252 -9118 5
2105 -9719 5
2411 -2699 5
380 -9729 5
8720 -9060 5
1658 6228 5
8860 -5173 5
7696 141 5
7185 9151 5
694 -7960 5
4145 8617 5
5933 7699 5
428 6979 5
9355 -3288 5
6192 1233 5
786 -3566 5
5218 4046 5
5498 -2267 5
8287 399 5
9832 8461 5
6895 -3753 5
8002 -3978 5
8629 -5053 5
8693 6502 5
6092 1512 5
836 -6337 5
9286 3831 5
1094 6650 5
3505 8089 5
3271 -876 5
8992 3071 5
1489 -4586 5
9135 -3487 5
6608 -4424 5
496 7867 5
8293 641 5
9203 9417 5
4010 8280 5
4546 7549 5
7579 8640 5
5972 3483 5
7462 -1515 5
2750 6755 5
8464 6652 5
8258 3620 5
346 -298 5
6538 -5804 5
1932 1962 5
3475 -2729 5
1522 5877 5
907 4893 5
5241 3141 5
5846 4781 5
3133 -5419 5
9079 -3291 5
2713 7709 5
6647 9086 5
7206 -3312 5
7393 -2895 5
6702 3034 5
5980 3508 5
9066 -6940 5
459 2110 5
4712 -1688 5
7811 -7530 5
4225 6484 5
5252 1904 5
4024 7523 5
9763 -8191 5
1864 3631 5
2120 457 5
6653 2122 5
1320 -2634 5
9519 7128 5
5561 7153 5
4908 -6172 5
6316 9421 5
9230 -6365 5
6706 -2732 5
8464 -2124 5
4111 -9341 5
3114 -2020 5
9075 -7258 5
8010 -135 5
9873 -2702 5
4578 -6633 5
540 -5973 5
2599 1900 5
4484 2160 5
3966 -1031 5
5544 3316 5
5638 5762 5
1549 3707 5
4967 2234 5
6278 -1271 5
9934 3275 5
8614 9275 5
40 -1436 5
4157 -934 5
6959 7541 5
8966 -7183 5
5905 4428 5
5787 4869 5
535 -5357 5
7686 -99 5
274 9685 5
1113 -2746 5
2619 -8936 5
9446 -151 5
7799 751 5
3808 450 5
1759 -506 5
9781 4236 5
3830 -9093 5
1007 -7825 5
8761 1640 5
1849 5229 5
559 2571 5
2635 3548 5
9722 -2468 5
9004 7730 5
4188 8625 5
3845 -4175 5
8971 -9614 5
4156 -2662 5
7202 -7510 5
8847 -8453 5
5028 4159 5
6171 -4876 5
1975 2025 5
8575 -5778 5
3310 -984 5
4529 9538 5
7393 -8312 5
4191 8073 5
2202 1775 5
7181 9327 5
3534 4121 5
3146 7358 5
7865 -474 5
5116 -2207 5
5804 -2605 5
5161 5248 5
2190 -9623 5
6670 579 5
9113 -8510 5
3438 -3846 5
5320 -4887 5
8552 8219 5
2364 6787 5
6010 9489 5
847 -1545 5
2764 262 5
5280 142 5
7047 2074 5
8345 -2677 5
7037 -5488 5
7389 -3954 5
9401 9875 5
5580 2033 5
9804 -7334 5
4141 -7414 5
7330 8936 5
1248 4612 5
2888 7016 5
2227 -4159 5
138 -3134 5
2939 -5556 5
7301 -5712 5
1918 9485 5
467 2120 5
2482 7232 5
3401 7908 5
9344 1362 5
3778 3214 5
4348 -8379 5
7641 7741 5
3169 1007 5
1275 6528 5
9137 9335 5
6087 -6878 5
4466 2107 5
3883 -3397 5
5522 -9020 5
9796 3563 5
1019 -4526 5
4059 8393 5
7119 -7162 5
2129 -8446 5
2824 -871 5
8484 -8191 5
2943 -8734 5
4042 9065 5
4844 9186 5
2751 1268 5
3142 2709 5
3158 869 5
9058 2832 5
7254 6459 5
5743 -6206 5
8757 975 5
1658 -3997 5
3650 -7084 5
1292 477 5
2755 -9298 5
2535 -6661 5
2696 -1837 5
5600 -2702 5
9174 -8169 5
9497 5476 5
9409 900 5
8358 3929 5
7056 8783 5
7006 6304 5
1949 -8585 5
6174 9644 5
5142 -6506 5
2005 1430 5
814 -7033 5
9528 9149 5
8384 2774 5
8493 -3112 5
7006 5066 5
7123 -3927 5
1965 -7209 5
7550 -9609 5
5335 -6397 5
3788 -220 5
9182 -6530 5
7804 8396 5
8137 -9180 5
6214 -8084 5
4693 -1207 5
1166 -36 5
7102 -4186 5
5112 -9117 5
3807 -6547 5
5305 -5597 5
6826 7013 5
8625 1776 5
2558 -6941 5
4224 6233 5
9312 -2321 5
4031 -7473 5
5917 -90 5
3888 -624 5
373 6834 5
2918 15 5
5627 4326 5
9341 -7022 5
2586 669 5
5723 -3587 5
6761 -2202 5
8011 -9338 5
3262 -552 5
8789 882 5
6641 5124 5
378 -328 5
6254 6530 5
8976 -5856 5
7969 6265 5
7687 -1931 5
228 -6123 5
5840 -8871 5
2490 6462 5
7630 -8839 5
2834 6142 5
9077 2171 5
4889 4597 5
2530 -6252 5
7015 -1500 5
5592 54 5
3647 1964 5
4846 -3345 5
2126 752 5
2234 535 5
9780 3809 5
8432 -7405 5
9433 2971 5
8261 8401 5
9852 4673 5
1550 -5060 5
6548 9474 5
1864 5118 5
2270 -7703 5
4837 -5576 5
2175 -7982 5
129 -5250 5
6423 6606 5
529 549 5
7575 -9616 5
2519 6129 5
5316 215 5
2188 -5879 5
8781 -5247 5
377 -1039 5
3819 -2260 5
1891 -883 5
7096 -7373 5
1325 -5732 5
4724 8423 5
4773 8061 5
4715 175 5
4184 744 5
9800 -9449 5
615 -8468 5
7078 -3766 5
5425 -4820 5
4932 2536 5
2332 3228 5
4484 -5394 5
1358 -3089 5
9724 -8614 5
7592 910 5
8493 -4626 5
7577 6553 5
8503 2556 5
4786 -2843 6
-1280 3336 6
-3190 -4835 6
3924 -2039 6
-1667 -4676 6
4348 -2597 6
-1410 -4658 6
38 4064 6
-1764 4852 6
156 -1402 6
3327 329 6
-2692 -3787 6
-1110 2213 6
1017 571 6
4143 -728 6
-1701 3379 6
3969 707 6
939 -2364 6
-2651 3667 6
-3359 3081 6
-627 -3930 6
-42 -1671 6
417 -1462 6
3100 397 6
-934 4513 6
421 4891 6
-1155 -990 6
-4265 467 6
-2646 -3895 6
1192 3695 6
3751 3657 6
3124 -3223 6
-1462 2160 6
-2545 494 6
-2912 3625 6
-3020 1757 6
3900 -1850 6
1363 -4609 6
262 738 6
3357 3632 6
4480 1463 6
1757 4001 6
-4842 2640 6
-1980 1275 6
-2704 -543 6
714 838 6
-4682 252 6
372 3421 6
477 2256 6
-1420 -3853 6
4377 3309 6
-239 -301 6
-1828 1544 6
3469 3846 6
604 -2927 6
-494 180 6
-4663 -2539 6
2260 -2247 6
-2040 -3298 6
-2744 3453 6
1182 1498 6
-2355 -2494 6
-174 4965 6
4876 -292 6
3541 4494 6
-4823 863 6
17 2114 6
-3609 -4603 6
532 1177 6
457 3266 6
327 1382 6
1443 1884 6
2699 -2369 6
-3614 3649 6
-2060 1262 6
-1329 2043 6
-3384 -623 6
-3682 -513 6
144 -2008 6
1750 3200 6
4408 -979 6
4487 -1915 6
-2852 -2308 6
3701 -988 6
4358 4572 6
2358 -685 6
-1586 2276 6
-4605 -402 6
2314 -1414 6
-2053 1434 6
-1202 -876 6
398 1862 6
4729 1005 6
-4598 -3559 6
1420 1587 6
-2962 154 6
4761 -4883 6
4105 -185 6
1280 1280 6
-1075 -1928 6
-2265 -737 6
816 -2860 6
3610 2953 6
4458 1589 6
1919 4702 6
-2584 -4884 6
-939 -1989 6
3234 -2706 6
3633 4420 6
565 4231 6
-1465 -929 6
2198 4950 6
4208 4364 6
-23 3172 6
4853 -4452 6
-504 -887 6
-4729 -2650 6
1928 328 6
-4722 609 6
39 2715 6
-1761 1484 6
-2581 582 6
-1565 4410 6
4557 -4706 6
-2450 3102 6
-4639 -1292 6
2607 596 6
-2091 -762 6
2041 -3174 6
-4107 -3538 6
-2719 -787 6
-4401 -4272 6
726 495 6
-152 -3576 6
135 -4718 6
127 -354 6
4756 -2206 6
-3496 -1590 6
-4685 -1728 6
-885 -3468 6
-2965 3036 6
3741 -2580 6
4506 -1456 6
-2032 -1260 6
-1715 792 6
-1756 -1767 6
1293 4354 6
-2559 411 6
4907 2814 6
2261 -2358 6
-68 4230 6
1810 1142 6
3993 -4893 6
4021 3108 6
-3461 -2939 6
-4877 4096 6
4841 -2279 6
-127 -3950 6
-561 -3249 6
536 2842 6
-1563 -1700 6
-1863 1195 6
2581 4859 6
2843 376 6
-309 -4806 6
-1802 -1696 6
2584 -3503 6
453 3477 6
2449 -3547 6
-4448 597 6
3757 -1071 6
2416 4896 6
2863 -953 6
-594 1502 6
2446 3549 6
1507 -2318 6
2764 4604 6
3081 4837 6
644 526 6
558 3506 6
-2574 254 6
1153 -1435 6
3126 2032 6
-2904 -1231 6
2925 398 6
2220 -4543 6
1056 4987 6
4496 3133 6
3338 -4336 6
2555 -1123 6
78 784 6
-1859 -1567 6
-2046 3195 6
4453 -2891 6
-4096 -4581 6
1865 -1343 6
-1017 4720 6
-770 -1882 6
4305 1158 6
-1106 -14 6
-980 4434 6
-4387 4578 6
-393 -1459 6
769 1982 6
-2237 -4968 6
3114 -4376 6
2451 531 6
3383 4956 6
1975 2926 6
4152 -122 6
469 3986 6
4106 3988 6
-4041 2838 6
-3084 224 6
3796 4689 6
74 2114 6
-582 -2889 6
-279 -4119 6
3016 -4752 6
-35 3928 6
-1431 -940 6
-1452 -3749 6
1421 -4274 6
392 -57 6
2728 3821 6
1782 4595 6
1754 -1007 6
2367 -1651 6
-1641 3662 6
2705 2074 6
-4354 -2350 6
605 3249 6
-3852 1971 6
-4498 1548 6
62 -4676 6
3361 -235 6
1238 3444 6
464 -2490 6
111 -258 6
4685 757 6
-4640 -3969 6
-1189 2390 6
3828 3320 6
-1876 3870 6
-3742 2754 6
3635 -2944 6
-513 -31 6
-3123 4533 6
-1068 3362 6
-2050 -1131 6
433 -4746 6
-1223 -3941 6
3603 -4375 6
502 -4777 6
-3757 -3225 6
-1889 265 6
-1998 -3614 6
1001 653 6
3676 2857 6
1590 3805 6
2874 -2170 6
2916 -1249 6
374 194 6
-4603 202 6
2601 -1949 6
2901 1182 6
1775 3088 6
2594 4765 6
-1066 2551 6
4693 17 6
-1475 593 6
4442 -735 6
-2008 3453 6
-798 360 6
-2057 1176 6
-4608 3732 6
1238 -2558 6
3289 4720 6
807 289 6
-4025 -4809 6
-4289 -2876 6
-1015 1853 6
-3008 -2563 6
-3807 3043 6
3706 -451 6
-2401 -1760 6
3647 -357 6
1292 29 6
-1615 948 6
-324 -1419 6
1066 -37 6
-3021 -2906 6
-1322 -4430 6
3096 -1130 6
-4665 2812 6
1420 2745 6
3621 1284 6
471 3894 6
3563 3923 6
2470 4297 6
4834 -84 6
1380 -1030 6
-4744 -1592 6
1366 4058 6
1572 839 6
627 -1420 6
-3376 200 6
-3471 1825 6
-625 163 6
-161 4862 6
858 -2236 6
2591 -3859 6
142 3756 6
1911 3319 6
-1518 667 6
-2479 2256 6
4616 -3596 6
-1185 79 6
-2717 -934 6
-4584 -4715 6
-4402 -4926 6
1713 -4637 6
-4563 -2849 6
2685 -1998 6
-4270 3961 6
1448 4566 6
2294 1269 6
3510 -3235 6
-824 3581 6
242 389 6
-2586 2840 6
1140 4346 6
1399 1802 6
1376 -2045 6
-484 -3018 6
479 1868 6
-3102 4938 6
-1278 151 6
-4300 -1611 6
-3510 -133 6
1257 -3630 6
-4731 1651 6
4412 -2184 6
4727 4424 6
439 3041 6
-3931 -1937 6
-3044 -2340 6
4310 969 6
1838 2821 6
-312 -1644 6
-2327 3174 6
-2186 -1872 6
-3427 1171 6
-2641 -2446 6
-1150 -2140 6
2707 -2942 6
-2885 -4647 6
4490 3263 6
-1186 -4295 6
1429 -273 6
-3339 -2251 6
-2398 -4356 6
31 -1292 6
808 -1013 6
3600 -158 6
-861 3640 6
2 -4016 6
-3177 -796 6
434 612 6
4821 3932 6
-2048 4821 6
4106 2860 6
-3107 -1819 6
-1834 94 6
-4826 2210 6
3265 -2078 6
-2788 704 6
-1384 4908 6
-3618 -1313 6
3911 -94 6
-4915 4628 6
-1074 -3752 6
-2975 2289 6
1875 3803 6
-4530 1273 6
3392 -98 6
-2339 -1593 6
2250 1981 6
1811 -2216 6
2897 -825 6
509 -34 6
515 1569 6
2811 -1608 6
-4954 -3331 6
2108 795 6
464 1961 6
-2489 -2005 6
2761 -1382 6
291 3322 6
1006 2054 6
285 1515 6
429 -2120 6
-4083 -3555 6
784 1690 6
-4059 -3851 6
-2502 1469 6
4450 -4452 6
-3558 -1677 6
4916 3518 6
-129 928 6
-2909 1547 6
-4042 1840 6
-3497 3966 6
3576 -28 6
-31 -4841 6
-1612 -3650 6
5 628 6
4674 4796 6
2757 -3330 6
1422 -3135 6
299 -4193 6
-1584 -1271 6
-1089 -137 6
4587 -3951 6
-3557 934 6
-2920 2822 6
1723 -1355 6
-1634 1641 6
4047 -4130 6
-1667 -83 6
4519 -1200 6
-204 2089 6
4876 177 6
2288 -4506 6
562 1382 6
-3920 4955 6
-4213 -3793 6
3523 -2697 6
823 -2943 6
-1272 876 6
2747 3992 6
-2618 -891 6
4045 -625 6
-1423 3569 6
-3158 -2936 6
1800 -1138 6
-1708 2305 6
-4184 -2869 6
-2273 -2695 6
2529 -1517 6
-1375 1652 6
1165 -3901 6
-4006 3897 6
1685 203 6
728 4318 6
-687 -1769 6
4161 -3002 6
662 -3618 6
-2075 3187 6
-1459 1522 6
1065 4482 6
-2998 -730 6
3748 -1403 6
-3139 -559 6
-2627 -4112 6
-1027 4075 6
1052 2555 6
-2009 -2797 6
742 696 6
-1843 -4020 6
-848 -2319 6
4821 -4107 6
3955 1494 6
1054 2174 6
3602 -1530 6
1261 -2779 6
-3883 2197 6
-680 -2636 6
1897 -2812 6
1436 639 6
-324 720 6
-654 -2141 6
4017 -722 6
-1406 500 6
-3260 3360 6
-1230 -2675 6
-776 61 6
-3821 -3399 6
4493 -2810 6
4984 -4481 6
-4055 -2604 6
3728 3574 6
3686 -3902 6
-3304 -727 6
-759 -2750 6
351 2495 6
-1636 -4105 6
-454 2917 6
466 1620 6
959 -413 6
