1000
9263 -7525 1
-5466 150 1
-8518 -4390 1
5702 -1323 1
8981 -1622 1
903 -7326 1
-844 -3052 1
4148 -5766 1
7979 -7727 1
5 -4715 1
2239 -884 1
-1344 -5032 1
-932 -1722 1
-6695 -5274 1
-278 -1415 1
-9078 -8502 1
-7945 -1334 1
5504 -1435 1
-9357 -8067 1
4386 -8413 1
1577 -9107 1
-6159 317 1
-5868 -5144 1
8688 -5695 1
-1734 -2940 1
-3246 -6497 1
3007 -210 1
-9027 -3152 1
4476 -6797 1
1952 -3208 1
-853 -6814 1
-8759 -2532 1
2863 -642 1
8121 -9489 1
-6984 -3867 1
-9436 -2458 1
7729 -1213 1
-8469 -2086 1
-6171 -3834 1
8417 -7240 1
7144 -5193 1
-4365 -6708 1
-587 -4316 1
-6956 -6173 1
-3190 -3448 1
-487 -5903 1
-3221 -9443 1
-8994 -1695 1
-4305 -4657 1
-7535 -803 1
-6697 -5192 1
2803 -2153 1
-4069 -1298 1
5481 -6438 1
-1464 -4047 1
-7274 -6176 1
-7409 -1615 1
2186 -6956 1
5879 -6644 1
4555 -7752 1
7240 -6637 1
-7432 -530 1
-6965 -2326 1
-9245 -5291 1
-879 -332 1
9764 -5228 1
548 -8334 1
8177 -6124 1
-5661 -9740 1
-6821 -4369 1
1367 -1632 1
-9173 -7475 1
-2115 -7255 1
-2445 -4039 1
-8495 -1707 1
4177 -7196 1
-3072 -1319 1
7432 -2356 1
4518 -2136 1
6346 317 1
-341 -1855 1
-8798 -4862 1
-3843 -9991 1
686 -4777 1
-9117 -2674 1
-126 -6533 1
8715 -1261 1
-3991 -5971 1
1760 -1103 1
-7440 -2344 1
-6230 -5591 1
-8583 -222 1
2941 -3533 1
3005 -2558 1
-495 -9017 1
-3633 -8041 1
3567 -6091 1
-8858 -113 1
-7077 -7570 1
8811 -5615 1
2359 -7793 1
-9946 -50 1
6326 -2293 1
-2414 -9374 1
-1409 -3655 1
5495 -1772 1
-2376 -5997 1
5352 -2435 1
9147 -809 1
1562 -4630 1
1750 -8079 1
9218 -7865 1
-177 -2671 1
-6201 -7641 1
-5212 -4050 1
2968 -1206 1
-2485 -4284 1
-9984 -6713 1
3335 -331 1
-6169 -3081 1
6337 -4299 1
-9333 -7092 1
-5605 -4975 1
3467 -4385 1
-8222 -7864 1
-3575 63 1
-4898 -602 1
-621 -3975 1
7164 -9743 1
-2469 46 1
-161 -4719 1
9220 -5320 1
4078 -9641 1
-2892 -55 1
-5630 32 1
-1447 -7389 1
172 -8665 1
310 -4528 1
-2739 -9251 1
3642 -1600 1
3450 -3168 1
1413 -2119 1
-4990 -9299 1
7072 -3418 1
5806 -4250 1
-3327 -8008 1
2602 -4065 1
-5848 -4155 1
6677 -9994 1
-4447 -3366 1
-8798 -7629 1
-5285 -7590 1
2490 -2735 1
-7035 5 1
6814 430 1
-3844 -1375 1
6729 -5126 1
-2543 -5295 1
-2817 -8953 1
-5117 -2864 1
-3290 -6436 1
9037 -2530 1
6383 -8934 1
-2883 -9844 1
-3847 -6456 1
-6532 374 1
88 -6244 1
-8206 -5775 1
7624 -6866 1
-2326 -3910 1
1207 -6631 1
-9743 -6585 1
6922 -2310 1
-6823 -6803 1
6603 -8573 1
-3801 -8308 1
6787 -8944 1
-5407 -8262 1
-5490 -2967 1
-9016 -9065 1
4447 -1864 1
-4345 -2435 1
-4102 -5650 1
-3203 -8090 1
-9051 -5148 1
5678 -8635 1
-6010 -2950 1
-3017 -8071 1
-245 -640 1
-5308 -8221 1
1326 -9022 1
8865 -4433 1
1980 -9054 1
-1838 -9658 1
-5812 -9164 1
-8296 -3893 1
-3842 -7436 1
3642 -8943 1
4882 -8935 1
8231 -4781 1
-3413 -577 1
5922 -921 1
-2634 -7543 1
5812 -2138 1
9347 -5014 1
8983 358 1
7638 -9313 1
5972 175 1
6625 -2226 1
324 -9323 1
3389 -407 1
665 -8871 1
5372 -7048 1
9851 -9599 1
-5989 -1502 1
-5061 -9169 1
-7225 -2088 1
7048 -2246 1
675 105 1
-9096 -2587 1
7344 -616 1
1941 -995 1
3676 -4703 1
643 -4201 1
-6070 -7855 1
-1234 -9070 1
8989 -6763 1
-5509 -7969 1
1185 319 1
-4305 -2390 1
177 -8284 1
5909 -3362 1
6340 -982 1
6048 -8911 1
-1284 -5621 1
6059 -2727 1
6191 -5059 1
-9156 -4736 1
-8809 -2707 1
-1215 -6114 1
8137 -9061 1
6957 -5551 1
-1320 -2453 1
-7869 -1443 1
860 -8487 1
1876 -9263 1
5001 -7989 1
-4820 -6310 1
7605 -8999 1
-9116 -1492 1
5670 -4734 1
1835 -6027 1
2188 -1293 1
-3991 -4518 1
-3752 -4660 1
1301 -1603 1
3578 -9641 1
4233 -2410 1
-2043 -7172 1
-4333 -9247 1
-5120 -4827 1
2049 -159 1
-7750 205 1
-8902 -9841 1
-7415 -7192 1
-36 283 1
-4427 -3462 1
9232 -1239 1
4965 -5010 1
5113 -1693 1
-6235 -2278 1
-8036 -2402 1
-9300 -1954 1
-169 -9030 1
9542 -527 1
1762 -3163 1
3076 -5338 1
-3252 -4184 1
654 -6101 1
5294 -7960 1
1084 -437 1
-1195 -572 1
-441 -350 1
-2233 -1327 1
6997 -4074 1
-7965 -2159 1
1912 -7455 1
7060 -4868 1
-8016 -4778 1
-5060 -9651 1
-7567 -6719 1
-3549 -1480 1
-7681 -8864 1
-3460 400 1
-911 -1744 1
6739 -9160 1
9302 -1236 1
6664 -2930 1
4374 -578 1
2439 -8426 1
6028 -9972 1
784 -5743 1
8045 -2330 1
666 -285 1
-9320 -1760 1
2864 -2497 1
-4671 -6579 1
-2313 -5287 1
-4023 -6829 1
2656 -8538 1
3822 326 1
-3735 -2819 1
2205 -1329 1
-417 -1876 1
-2229 -6332 1
4089 -8397 1
-6157 -2913 1
-8540 -716 1
-4499 -9162 1
-3281 -4251 1
-6775 -7023 1
7119 -5775 1
2029 134 1
9970 -3445 1
-8845 -3834 1
-64 -9950 1
7130 -8630 1
6554 -351 1
-8280 -9898 1
2040 -5099 1
-6673 -7140 1
5519 -5231 1
1969 -737 1
2609 -4357 1
-4272 -8154 1
-1231 -620 1
-9233 -2206 1
-7972 -3650 1
-1562 -7290 1
6639 -2615 1
8084 -1764 1
-4195 -4446 1
-110 -606 1
7031 -5415 1
9694 -946 1
3974 -2029 1
-4111 -5620 1
-7429 -4248 1
-3136 -6842 1
-3452 -5394 1
-302 -5865 1
-30 -3572 1
790 -5034 1
-3871 -5917 1
-6507 -8550 1
-2744 -7153 1
-595 -5881 1
1021 -328 1
-7748 -9772 1
-5559 -8334 1
4766 -7232 1
-6252 -128 1
-9994 -2051 1
-4642 -601 1
-2301 -4908 1
3719 -1744 1
9192 376 1
7779 -3027 1
-7010 -8334 1
905 -1126 1
2702 -5083 1
2587 -2190 1
-4449 -1227 1
6269 -1025 1
-7121 -5237 1
-3480 -2528 1
-67 -6847 1
3369 175 1
7938 -1807 1
-4036 -6575 1
6122 -8575 1
-9452 -2675 1
543 -5737 1
-5484 -5417 1
-5857 -6830 1
-1954 -4783 1
-5967 -5355 1
1797 -9191 1
-5956 -8501 1
-8405 -499 1
-8392 -9518 1
-9142 -7227 1
4348 -198 1
-100 -9040 1
5495 -1781 1
-6537 -983 1
-6876 -7519 1
-7338 -5259 1
8145 -1163 1
-1327 -7328 1
-605 -779 1
-448 -9718 1
-6033 453 1
-9479 -7878 1
2210 -5825 1
-9078 -6160 1
-3955 -7564 1
9605 -4811 1
9726 454 1
3096 -5103 1
-3134 -5608 1
5357 -4019 1
2990 -393 1
-8640 310 1
-7132 -1414 1
-241 57 1
-9520 -1663 1
-3740 -7332 1
-9917 -3603 1
5961 -3135 1
-2398 -2567 1
8042 -3509 1
-7277 -4236 1
-9491 -6670 1
-3926 -3554 1
-2900 -2904 1
-2581 -4095 1
-3714 -5785 1
755 -2867 1
-2697 -9647 1
2909 -2532 1
-8727 -493 1
9436 -5875 1
-7365 -6193 1
-1876 -8181 1
5302 -3337 1
4988 -3682 1
-9070 -413 1
3872 -1804 1
3462 -3164 1
439 142 1
-2605 -6658 1
9119 -6619 1
-1096 -666 1
3511 -5011 1
-6603 434 1
-3017 -7798 1
-4966 -1735 1
-6033 -8551 1
-5474 -6453 1
208 -8448 1
-6596 -4597 1
5574 -4744 1
-7872 -8408 1
-1776 -8329 1
-7263 -1251 1
-7445 -8618 1
2483 -5074 1
1146 -9654 1
3916 -6330 1
640 -7600 1
7542 -2372 1
-8064 -8185 1
3469 -8006 1
8309 -6434 1
6462 -7907 1
5447 -6153 1
-5280 -1599 1
-2674 -5248 1
-1256 -5327 1
4817 -930 1
-4735 -626 1
-1190 -9456 1
-4500 -1161 1
-919 -2443 1
1021 -2071 1
-5371 -6111 1
-2213 -7100 1
6602 -1373 1
323 -6762 1
-9424 -8011 1
5970 -9966 1
3780 -1651 1
-3039 -510 1
-4516 -3806 1
-8773 -9967 1
-442 -6535 1
-9791 -6789 1
4274 -389 1
7063 -4522 1
-8889 -436 1
-4270 -9734 1
-6097 -7923 1
4660 -7828 1
-872 -9819 1
-7314 -3647 1
1791 -4648 1
-5786 -4055 1
-1287 -6002 1
-7715 -8180 1
-7939 4187 2
1330 4197 2
3658 113 2
4775 9576 2
-4542 4938 2
3117 4765 2
3156 794 2
9051 6601 2
9186 5721 2
-9139 28 2
-4032 6633 2
-953 545 2
7723 6433 2
-6578 7585 2
2860 1639 2
6775 4423 2
-1274 4648 2
7391 419 2
4083 4701 2
-3915 3001 2
1156 5373 2
-812 4774 2
947 8513 2
-531 2614 2
-2913 6437 2
9743 5228 2
1568 915 2
-5706 2939 2
-2561 2875 2
1988 9504 2
-121 4130 2
9015 5401 2
-4524 697 2
-4754 314 2
1934 371 2
-5852 9548 2
-5017 6261 2
8741 9529 2
-1855 1309 2
9797 1057 2
9636 1566 2
4490 9802 2
-8339 7643 2
3369 9617 2
-5432 2315 2
3903 6512 2
2691 4651 2
2160 -296 2
-9612 8900 2
2738 3752 2
-8394 2074 2
-8072 -268 2
-34 9954 2
6338 1687 2
8843 3871 2
-4725 7728 2
-96 400 2
-9211 749 2
5509 7207 2
-6583 4094 2
5585 3527 2
-7655 1901 2
5033 4905 2
2347 3549 2
-3440 8054 2
-2280 5708 2
6086 5198 2
-1243 9319 2
-2305 -412 2
5010 3404 2
7588 2292 2
314 8847 2
-6459 5867 2
2232 9583 2
-4290 9211 2
7334 6129 2
-8587 3901 2
-178 8061 2
1470 1815 2
-1096 9201 2
-7104 785 2
241 6788 2
850 3343 2
9695 1305 2
-2272 650 2
4792 7690 2
2424 9210 2
-6219 8554 2
8070 2 2
-2146 8142 2
-3711 -424 2
2774 579 2
574 556 2
-4199 6506 2
-8643 3263 2
-214 4348 2
-4955 7260 2
-7382 1386 2
4989 8727 2
-299 3105 2
1911 7381 2
1222 9927 2
8919 -184 2
6026 1039 2
-1675 591 2
-9118 1429 2
-3335 4 2
4614 4951 2
2832 7286 2
1010 4517 2
-8243 796 2
8150 -349 2
9084 7569 2
-1209 458 2
676 9436 2
-4441 413 2
-1922 8292 2
-2021 9471 2
329 1804 2
-5354 7136 2
-1754 9995 2
-8073 1619 2
6190 2249 2
1919 2326 2
4452 9169 2
1152 1982 2
-4456 4649 2
1393 5884 2
9652 5638 2
-1163 6280 2
-9948 6729 2
-2077 2765 2
-8293 4006 2
-2624 2984 2
-6395 2258 2
-6243 3163 2
2438 6934 2
-4020 8951 2
9915 559 2
8811 766 2
-3798 2146 2
8614 6609 2
898 8227 2
-3183 4149 2
8378 3678 2
609 7709 2
2446 8887 2
7256 5055 2
3961 3222 2
-6433 8032 2
2034 9919 2
-6201 6325 2
-3044 7539 2
-1270 9044 2
-6715 8594 2
97 -252 2
5020 9319 2
8242 7024 2
9455 -435 2
-5446 1360 2
-9671 3478 2
960 7988 2
7692 6160 2
-4123 3986 2
1279 3618 2
3314 2606 2
-5016 6721 2
6228 3350 2
-7467 6484 2
-6347 7211 2
-6934 6632 2
8869 8059 2
-8677 1284 2
-6823 435 2
-2617 3878 2
6702 2271 2
4787 4072 2
6592 2756 2
7043 3223 2
9600 2793 2
-9252 2789 2
8438 7215 2
-9430 572 2
-1496 9231 2
-1830 97 2
1614 7213 2
6321 4478 2
5103 -272 2
2401 8291 2
-2227 271 2
7578 457 2
5831 1998 2
7218 8042 2
-9649 7650 2
-1786 2167 2
5584 6586 2
-8807 8589 2
-9765 231 2
-388 199 2
-1959 3827 2
-8498 7065 2
7933 9133 2
-58 7583 2
4446 2858 2
1377 8413 2
5777 7481 2
6671 965 2
-7221 4688 2
8834 9101 2
-8649 6725 2
-8978 387 2
6800 725 2
-6440 12 2
6045 7756 2
-4726 8379 2
-8304 8604 2
-1623 2212 2
2639 9944 2
2887 9740 2
6164 5356 2
8921 7557 2
6543 1940 2
-3620 6331 2
-5686 5572 2
6737 4775 2
5405 2485 2
-3182 9850 2
2417 481 2
8613 9046 2
3892 9934 2
-2795 9957 2
2025 7653 2
-7124 3081 2
-2280 6392 2
4795 403 2
6162 1781 2
9460 5302 2
6264 4634 2
7498 8398 2
5421 8713 2
1904 6132 2
-5577 4290 2
-7912 6932 2
-4915 9916 2
9578 6496 2
-2092 1469 2
9104 5971 2
9010 3780 2
-2573 6379 2
9621 6512 2
-1523 8076 2
7305 3113 2
4162 4246 2
-7314 1001 2
-9449 7793 2
-2883 1941 2
6021 2901 2
-3372 2508 2
1273 7490 2
8277 3235 2
-9974 3695 2
-5346 1596 2
-8363 3739 2
-2769 2882 2
9513 462 2
4557 6557 2
9648 538 2
8048 4737 2
4739 9349 2
8890 2356 2
-431 8101 2
-5464 1004 2
800 -392 2
6396 2186 2
-4033 5650 2
-8036 5035 2
-7829 9293 2
-5772 9100 2
-8020 1326 2
-2388 8245 2
4296 7259 2
-2281 9880 2
7479 2907 2
4591 2689 2
-8303 615 2
-7758 8374 2
-1934 -35 2
-2380 7068 2
256 8149 2
-4261 8792 2
-1989 607 2
-3705 6248 2
-7510 2547 2
-9771 3440 2
-9967 6297 2
2144 1891 2
-3737 9798 2
5427 4038 2
6702 1982 2
7470 2359 2
2383 2351 2
9421 2601 2
878 968 2
-4922 1552 2
7927 4869 2
3182 6972 2
2764 86 2
3494 9507 2
-1294 7639 2
2833 5643 2
3163 9761 2
6329 7822 2
-5606 316 2
-7018 1359 2
6513 9701 2
-3283 -359 2
-9055 7021 2
-9897 1517 2
8276 3082 2
5037 9628 2
-6625 7314 2
8601 4230 2
149 85 2
2905 7006 2
-5250 5059 2
-8139 4783 2
-6219 4355 2
5350 4641 2
-2077 8767 2
875 4082 2
-2443 8245 2
134 5203 2
2491 2232 2
233 1302 2
-2577 1307 2
-3947 7985 2
365 1207 2
-1200 6970 2
2563 8580 2
-4087 8543 2
-6292 6999 2
-7036 8220 2
-5259 3740 2
6388 9560 2
-7876 3487 2
-637 781 2
-7662 7811 2
-3211 8637 2
7579 9433 2
1924 9027 2
7155 6001 2
-5828 2796 2
-7256 955 2
5623 5668 2
-3591 7138 2
7937 611 2
107 8940 2
-6252 3492 2
190 9219 2
-3503 6188 2
-2388 8787 2
3234 3679 2
-7749 3131 2
-151 4917 2
-1797 7959 2
9455 3980 2
-5119 8345 2
-1786 9084 2
-778 4992 2
-399 5211 2
-6187 6734 2
-6790 9264 2
6933 6958 2
5625 1211 2
-641 5368 2
8218 427 2
-4630 3749 2
5890 1970 2
-7901 6354 2
-2312 2804 2
665 3880 2
6584 4098 2
-1913 8368 2
2422 225 2
-681 5293 2
-7291 4682 2
2506 -496 2
-3184 1853 2
6674 878 2
-8351 1163 2
-7266 9634 2
3861 8911 2
-3245 3800 2
-7233 642 2
-5483 4033 2
4055 5014 2
-1745 2529 2
-194 -229 2
7491 8728 2
2971 9240 2
4162 -104 2
-4843 9597 2
7045 7328 2
4874 476 2
7578 8619 2
2008 3365 2
-6648 3158 2
-8375 9244 2
-3939 -243 2
1937 2150 2
5877 1857 2
-7437 1435 2
-7636 1189 2
414 4808 2
-5290 3716 2
3608 1510 2
6109 5550 2
-8504 1735 2
-2679 5659 2
-8748 381 2
8770 7509 2
2994 6907 2
-6417 5198 2
-6754 9641 2
6546 5512 2
-8939 1981 2
4804 2295 2
4101 8198 2
5416 1298 2
-3914 966 2
-9661 5927 2
268 1188 2
7458 -424 2
-2947 9655 2
-254 -431 2
2440 4423 2
-5581 6136 2
-6046 7033 2
9664 8690 2
-6244 4167 2
-689 7466 2
1936 -29 2
-7187 4159 2
9278 2917 2
5741 2622 2
9789 6413 2
-8146 5673 2
4805 3383 2
2776 5203 2
-5380 6115 2
-8616 950 2
2707 9736 2
1828 9319 2
1483 7794 2
-7948 8012 2
6757 9943 2
-2911 1757 2
-2531 7154 2
-8669 5168 2
8356 8893 2
-873 5171 2
-3187 5821 2
-6163 115 2
4493 6991 2
-5546 5369 2
4069 1272 2
-8963 1677 2
-2941 6739 2
8157 5314 2
999 5840 2
-1467 7255 2
-356 2173 2
2097 8347 2
1447 7911 2
4438 3269 2
6745 8759 2
8277 6394 2
6988 832 2
-8572 2526 2
-2656 4323 2
6604 3424 2
-7461 5572 2
2679 7118 2
-6676 8264 2
8332 2474 2
767 6537 2
3451 4867 2
1499 6509 2
-6990 4994 2
-6580 5866 2
-4268 3812 2
9815 6456 2
8203 3755 2
7234 339 2
9027 5148 2
-3182 7657 2
-7768 351 2
-4624 2057 2
9826 8622 2
-897 5047 2
