1000
-971 -9339 1
-1956 -7584 1
7043 -2269 1
6492 -3865 1
-1480 -8110 1
-364 -8582 1
3586 -7905 1
-3961 -3949 1
-3568 -6167 1
-6335 -8104 1
-158 -3928 1
7886 -8912 1
-2571 -3072 1
8982 -3802 1
-7862 -7163 1
9088 -1655 1
2170 -1927 1
6843 -8537 1
-6884 -4769 1
-4606 -4289 1
-4458 -5559 1
-3028 -6900 1
774 -9572 1
2426 -8633 1
1722 -6188 1
1975 -8672 1
-5784 -5026 1
682 -4567 1
5149 -6591 1
-3765 147 1
5795 -3322 1
-7062 -3338 1
-8651 -8738 1
3281 -488 1
-7871 -6758 1
-3096 -37 1
7551 -7669 1
5303 -7518 1
1155 -9039 1
-5096 -1591 1
-8028 -7456 1
348 -6597 1
1761 -2345 1
-5447 -4209 1
-282 -8705 1
8656 -5593 1
3513 429 1
-8281 -4055 1
9305 -9090 1
-9759 -6148 1
5392 -9052 1
3749 -4321 1
-1133 -2172 1
487 -7730 1
3379 -369 1
-1433 -3510 1
9076 -8732 1
-6195 -7370 1
-1322 -3258 1
-8171 -5443 1
7593 -2651 1
7130 -1303 1
9638 -7947 1
1650 -9019 1
1722 -6675 1
4955 -3210 1
7149 -9370 1
2433 -11 1
-1892 -7400 1
-6577 -3473 1
-6112 -5716 1
3522 -5804 1
-9463 -4815 1
2075 -7659 1
5766 -6620 1
1034 -6593 1
4747 -8153 1
-5863 -8217 1
-1888 -9806 1
6054 -8293 1
8537 -5853 1
2934 -1319 1
1000 -8032 1
-392 -3265 1
9739 -2516 1
4364 -1127 1
-6016 -4443 1
795 -5934 1
-4183 -4207 1
-9522 -6189 1
-2806 -6451 1
-9918 -6509 1
4857 -3656 1
2645 -78 1
7763 -2741 1
-2613 -9868 1
2726 -5633 1
8188 -8740 1
-4011 -5141 1
8465 -681 1
-8181 -5533 1
-1467 -4757 1
9675 -9074 1
-7672 151 1
5289 -6088 1
-3851 -4518 1
-2353 -1766 1
1085 -5536 1
-4072 -5192 1
1334 -8713 1
7893 -2204 1
-1246 -3513 1
-6970 -4514 1
4798 -3040 1
-6582 -9403 1
3211 -7683 1
-1177 -2696 1
2653 -8072 1
6914 -1114 1
-4031 -4823 1
-628 -6270 1
-6929 -2761 1
-6866 -7408 1
3408 -3612 1
-6116 -7906 1
-2390 -4228 1
4604 -1821 1
-7748 -4870 1
-1881 -8668 1
-9262 -6486 1
-7558 -4317 1
5054 -7964 1
3873 -8801 1
-7395 -8740 1
9284 -4151 1
1869 -7664 1
3962 -3368 1
-3411 -6542 1
-4753 -7027 1
-8577 -3279 1
-9078 -5720 1
8205 -4846 1
-1140 -8694 1
-3655 -2046 1
1457 -5838 1
2012 -4470 1
-8787 -3126 1
-9722 -1561 1
-1306 76 1
1740 -518 1
7432 -1365 1
1144 -3022 1
2367 -7704 1
3035 -3233 1
9113 -7926 1
-1793 40 1
4584 -5901 1
6480 -899 1
-8149 -5715 1
-6798 -3936 1
-2611 -3304 1
-559 -6374 1
-7769 152 1
6650 -1676 1
7763 -6929 1
3426 -3834 1
-2077 -6349 1
1456 -8888 1
3274 -7104 1
1339 -909 1
-8815 -8870 1
1655 -7285 1
1913 -3751 1
3187 -4610 1
7098 -9774 1
6331 -8056 1
4334 -4142 1
9045 -5635 1
5356 -4071 1
8054 -3390 1
-1436 -4763 1
8485 -6932 1
-3957 -267 1
-8549 -6450 1
3897 -6349 1
9537 -3033 1
-15 -8200 1
-9752 -9329 1
4934 -822 1
4202 -3676 1
6188 -2142 1
6781 -9954 1
-7558 -7372 1
8040 -5836 1
5455 -3350 1
-1804 -4226 1
313 -7083 1
6804 -6248 1
-6346 -5763 1
4972 -9375 1
-8796 -3514 1
7362 -3495 1
-9939 -6358 1
1840 -2339 1
-505 -1902 1
7900 -5785 1
1152 -868 1
6903 -6451 1
-1504 -3110 1
2799 -3069 1
3666 332 1
1577 -621 1
8313 -5225 1
5398 -5567 1
7967 -4746 1
-8422 -3742 1
8032 -8512 1
-444 -9665 1
-3366 -2475 1
-4414 -3169 1
-4462 -6966 1
-9023 -8767 1
7258 -1504 1
1000 -1367 1
-9340 -8656 1
4176 -8253 1
3579 -5810 1
4443 -1341 1
-4726 152 1
-7124 -5122 1
8147 -7757 1
7558 -6475 1
2712 -1294 1
-2792 -8246 1
5181 -4787 1
-1918 95 1
3149 -4640 1
-9569 -3448 1
7307 -4844 1
1057 -9894 1
-7406 -5744 1
-8336 -9175 1
233 -7994 1
2248 -4518 1
7322 -8336 1
5837 -1603 1
8201 -5575 1
-1745 -979 1
6977 -8665 1
6495 -2763 1
6571 -408 1
7472 -2734 1
6061 -4100 1
4404 -2650 1
-4464 -7645 1
3603 -357 1
5555 -2102 1
5795 -7994 1
-5766 -7352 1
1572 -2030 1
5567 -5284 1
5592 -8471 1
-8880 -3868 1
-3999 -6765 1
-9815 233 1
-4627 -8786 1
-2327 -4035 1
-1879 -72 1
2411 -1800 1
-8131 -5637 1
-5649 -3226 1
-8016 -9186 1
-1779 -2547 1
-9245 -7094 1
-3980 -5223 1
5790 -3772 1
1323 -7960 1
-7952 -4968 1
512 -1355 1
3369 -2651 1
-7637 485 1
-3964 -2396 1
613 -1592 1
2758 -9475 1
-5335 -1741 1
7926 -4652 1
-173 462 1
322 -611 1
-6297 -5210 1
-1731 -705 1
6061 -984 1
5185 -6592 1
1096 -2913 1
1449 -5178 1
-241 -6189 1
3362 -6593 1
2746 -5216 1
4323 354 1
-165 -2730 1
9390 -323 1
-1132 -2841 1
-8657 -8595 1
4673 -1698 1
9797 -5135 1
-7046 -2689 1
9442 -9932 1
-6158 -4318 1
5578 -8486 1
-4409 39 1
-1397 -8912 1
-7960 -4027 1
4153 -8225 1
3899 -5836 1
4192 -4782 1
6381 -5059 1
6544 -2077 1
2124 -8076 1
-2554 -9134 1
-8963 -2442 1
1848 -2687 1
-2478 -5372 1
-380 -159 1
-4117 -2349 1
-1494 -3121 1
1985 -4626 1
5878 -3429 1
-5011 -5897 1
-7528 -4944 1
-5430 -4525 1
-3727 -3565 1
-8261 -4251 1
-8455 -1012 1
8438 -9116 1
2745 -2246 1
8288 -1266 1
-3722 -9598 1
2983 -546 1
-847 -8076 1
2471 -4317 1
4437 -8994 1
-3173 11 1
845 -2685 1
-5619 -143 1
-6030 -983 1
-253 -9832 1
1326 -7001 1
-2127 -5152 1
-1447 -4553 1
8278 -8368 1
1933 -5703 1
4062 -7574 1
-7433 -6998 1
-6583 -1644 1
365 -6892 1
6107 -2330 1
-5060 -484 1
3208 -3094 1
2301 -5786 1
8418 -2013 1
-3308 -950 1
8538 -1336 1
3412 -5246 1
3208 -8184 1
-9659 -5093 1
2329 -7923 1
6835 -6559 1
-7547 -720 1
1568 -7402 1
-8554 -6538 1
-8969 -3539 1
-5197 -9035 1
9425 -9273 1
2461 -4357 1
-5861 -4659 1
8954 -5656 1
4555 -4714 1
-2452 -7787 1
2658 -4586 1
2222 -8664 1
-1812 -3828 1
-3253 -9241 1
7787 -2598 1
6656 -5362 1
-1058 112 1
-2793 -2896 1
8670 -764 1
-3498 -2682 1
4508 -487 1
-4447 -3975 1
-5928 -6261 1
-7327 -9888 1
-8545 -7974 1
-7704 -3008 1
9209 -1938 1
-5003 -8684 1
-4772 -8968 1
6037 143 1
-7435 -5134 1
1129 -9521 1
-4303 -3488 1
2512 -9465 1
-778 -5132 1
6639 -5278 1
1472 -6940 1
1367 -5176 1
5823 -5512 1
-10000 -2245 1
3511 -9328 1
9532 -5972 1
-6521 -9191 1
-6509 -3192 1
7083 -6090 1
4933 -2539 1
4105 257 1
-2315 -8952 1
-5989 -2771 1
-5927 -9302 1
-1703 -1863 1
7345 -3745 1
3511 -642 1
-2688 -6706 1
2616 -2779 1
-7851 -9364 1
4997 -6259 1
332 -4584 1
-7113 -8010 1
5480 -4627 1
4565 227 1
-6818 -1254 1
-6709 -4538 1
-3731 -1976 1
-2920 -3414 1
2703 -8198 1
-3097 -1519 1
-2892 -9710 1
-4466 -5797 1
2351 -2156 1
-3076 -2549 1
-6475 -1667 1
1720 -545 1
-2339 -9941 1
3647 -2757 1
1022 -5988 1
-9894 -9000 1
-3012 -3487 1
7605 -6864 1
9722 -9915 1
-6117 -9547 1
4061 -4666 1
3943 -616 1
-2676 -5002 1
-6437 -171 1
31 -2074 1
5447 -5491 1
1769 -5251 1
-4595 -9144 1
-9477 -9664 1
-8209 -3025 1
-7099 -1128 1
3159 -8307 1
4440 -2890 1
-7515 -5611 1
-4092 -511 1
2673 -6708 1
-1779 -4680 1
-5700 -3943 1
-7445 -8017 1
4105 -5329 1
5614 -2620 1
3775 -7338 1
-6127 262 1
9293 -2766 1
-5 -1588 1
-9540 -2317 1
-4775 -885 1
-6495 -902 1
125 -8042 1
-6790 -1238 1
4180 -1665 1
6104 -5493 1
2784 -9957 1
-406 -4286 1
-9023 -836 1
-1024 -8031 1
2439 -5013 1
8690 -2922 1
-8178 -7050 1
-2587 -1722 1
5602 -1771 1
4373 -7839 1
7886 -1035 1
5601 -1587 1
2934 -781 1
4853 -7438 1
-7363 -910 1
-7072 -350 1
-4684 -1369 1
-4068 -6262 1
-468 -7313 1
-1543 -793 1
5302 2256 2
-2779 4379 2
9914 2067 2
6024 8501 2
1379 9804 2
9954 8775 2
-3928 225 2
5886 4926 2
3116 2391 2
8163 5339 2
6793 -484 2
6359 3128 2
5656 9418 2
-7895 553 2
3991 2382 2
7714 3608 2
-4647 3033 2
-349 998 2
9214 8561 2
2017 6848 2
8649 5254 2
9516 8283 2
-3629 4853 2
3094 102 2
-3323 3071 2
275 3300 2
753 8847 2
-7037 5792 2
3938 3771 2
-7528 -143 2
-232 953 2
-6985 8361 2
4394 3835 2
-8311 755 2
-1388 4601 2
-6971 5606 2
2193 1476 2
4398 9833 2
-8971 4409 2
4076 5005 2
-1976 1059 2
-2130 862 2
-5880 6472 2
-3919 9454 2
-524 5934 2
-3993 9304 2
8974 5184 2
251 6447 2
1559 3358 2
-1152 6814 2
-3656 6057 2
-2664 8553 2
7533 6748 2
-7299 5483 2
7376 8257 2
-4759 178 2
-8368 8763 2
2142 2568 2
-9821 4324 2
1970 6852 2
-7227 541 2
-8402 9521 2
-698 7048 2
9485 3366 2
8232 9267 2
-771 8575 2
9800 3227 2
5373 7395 2
-909 4196 2
-8429 7936 2
8638 2881 2
8132 2012 2
8391 2393 2
890 5027 2
4336 3652 2
8100 5204 2
-6617 8324 2
2191 4889 2
-9152 2915 2
4595 5431 2
-1358 8905 2
-756 1055 2
-7392 6921 2
-4291 1142 2
8307 971 2
-2982 8107 2
-7759 1376 2
-1312 2995 2
-6998 1608 2
-6991 4572 2
802 6726 2
379 3407 2
-4992 4507 2
6924 8039 2
-855 432 2
-4466 2330 2
6709 2357 2
2329 2537 2
6586 7927 2
-3467 2017 2
-8696 1742 2
9466 6737 2
8784 358 2
8253 9954 2
-7818 2869 2
4856 5032 2
3764 5835 2
2071 9162 2
8626 2568 2
-7888 6041 2
8943 2364 2
-1872 6453 2
6615 6819 2
2154 5623 2
6834 6457 2
-1026 2009 2
-8430 7119 2
4503 2622 2
4466 1549 2
840 4473 2
4376 3126 2
-9927 3370 2
-7223 1794 2
-4503 6311 2
-7325 6082 2
-9914 8986 2
-313 3554 2
-7445 5276 2
4827 6935 2
6939 9303 2
5939 2251 2
3601 9310 2
-5685 9728 2
4097 8686 2
4515 -491 2
-7858 6370 2
-4768 6799 2
-3351 7805 2
-3294 5082 2
6940 4530 2
-2435 3174 2
-7226 8434 2
1499 3040 2
-3320 2000 2
513 7788 2
6701 6014 2
-3577 6035 2
-7168 8037 2
-4310 3092 2
7792 8791 2
5304 2051 2
3501 3486 2
-5670 -171 2
-7688 1454 2
-7048 1564 2
-7928 1598 2
-723 5101 2
-5764 5397 2
8177 7350 2
5739 7482 2
-8617 7667 2
5005 9218 2
-5234 4979 2
1568 3019 2
-5199 8398 2
5651 8220 2
5196 2066 2
-1525 4394 2
2636 6311 2
-3631 -440 2
1351 5429 2
5490 2512 2
-411 6087 2
3912 1042 2
-9032 1621 2
1646 1444 2
-8548 5614 2
4762 1376 2
-4228 1749 2
240 2554 2
1518 675 2
4527 3040 2
2864 5859 2
-9067 7114 2
3800 -98 2
643 5020 2
-9023 1303 2
3753 8293 2
4991 6490 2
8908 6124 2
5434 -386 2
8141 6067 2
3153 2901 2
1659 9006 2
1748 7320 2
-2064 259 2
-8638 5115 2
6934 4118 2
-3692 4125 2
-3080 7640 2
8829 6840 2
2180 9016 2
2476 7463 2
8646 3259 2
-8375 3241 2
4646 5697 2
9839 8776 2
-3621 6875 2
-3249 3157 2
5292 1304 2
-6476 7589 2
-7221 186 2
-6527 4330 2
-5244 2126 2
-5580 2333 2
-5302 6374 2
-444 4334 2
-9387 4385 2
4759 5125 2
-5285 6675 2
9761 4406 2
5884 8618 2
4832 7810 2
4107 8630 2
1104 9562 2
7537 1923 2
3888 -62 2
-9149 5414 2
-9897 6948 2
-8501 668 2
-666 5097 2
6789 279 2
-526 6760 2
7495 61 2
2244 9820 2
-9973 8041 2
-3811 1174 2
5144 351 2
-3975 7099 2
-5848 2500 2
5298 7327 2
7249 3087 2
4852 6468 2
-7064 7874 2
7508 7501 2
5080 9274 2
7483 5168 2
6248 1756 2
-8889 5644 2
9066 -187 2
-3289 4052 2
-1089 6095 2
-168 9388 2
-8100 2746 2
-7376 506 2
-6233 1795 2
-5113 6145 2
9476 7838 2
-9888 5249 2
-1143 725 2
-6424 2738 2
4444 2091 2
5473 3479 2
1087 344 2
5664 5818 2
-814 5708 2
-3139 3491 2
-7253 824 2
-3661 3761 2
2004 9942 2
-1684 3948 2
9472 3275 2
-1740 4994 2
-628 7896 2
336 1723 2
6503 -390 2
1191 4751 2
-4219 4685 2
-7324 3112 2
7167 -172 2
-924 4526 2
-998 8953 2
5902 -330 2
7532 9085 2
-7435 3220 2
8407 4517 2
-9894 4131 2
-7878 7153 2
-4199 8325 2
-4574 2185 2
-5905 8903 2
-1362 1367 2
5385 1058 2
449 8757 2
1159 6200 2
-7772 1049 2
3446 7588 2
-4144 8122 2
3837 6488 2
6210 9498 2
7881 6772 2
7303 3935 2
-7419 8129 2
-2149 7325 2
2248 9772 2
8669 3563 2
-3474 4711 2
8528 -288 2
-1343 1530 2
4868 8361 2
-3012 4984 2
-1362 5801 2
-7125 6374 2
-863 9074 2
-8807 1633 2
5928 7474 2
-3907 -1 2
-8096 2094 2
7622 8842 2
9384 8138 2
-9183 2176 2
5311 4760 2
-4145 3433 2
-1668 5227 2
6636 2215 2
-4706 3920 2
-1212 135 2
-3579 8225 2
-2200 337 2
-2607 7134 2
5927 7986 2
-8740 -292 2
-4274 3019 2
3570 3055 2
8081 9001 2
6678 653 2
-1056 7160 2
-9949 8297 2
7234 2634 2
-4163 8293 2
-2748 3071 2
-714 4066 2
259 3532 2
-7475 4799 2
8952 5981 2
-9529 9991 2
5650 2988 2
5479 9168 2
5417 6530 2
-179 6199 2
8498 7027 2
488 1885 2
-1052 5087 2
-3674 5791 2
-1324 1762 2
-9517 8068 2
6481 9097 2
6071 5482 2
5823 5136 2
-4173 928 2
5953 1483 2
6353 7648 2
7413 9875 2
-474 2171 2
8700 7993 2
-7289 4236 2
-2679 5366 2
-7278 7883 2
-4789 2293 2
-2306 7318 2
4681 187 2
1623 9522 2
-1264 5795 2
9268 954 2
3158 749 2
4745 4637 2
-3626 6478 2
-4991 1741 2
7590 5049 2
-9265 4748 2
-4007 2573 2
5898 6317 2
-2158 5463 2
2742 7289 2
3134 9254 2
4637 9129 2
-5160 -200 2
-724 -49 2
-1451 5021 2
1347 8459 2
5257 4311 2
2812 5398 2
-1592 5808 2
-9414 498 2
-6866 4948 2
-2140 5154 2
-3166 6337 2
-4725 5864 2
-1095 7324 2
6399 6962 2
7063 9489 2
5973 5022 2
-3369 -243 2
-2310 1484 2
5110 892 2
-141 7388 2
-3564 4674 2
9000 632 2
6289 9107 2
9198 3811 2
-7298 3610 2
-9308 9140 2
-3636 1220 2
8094 919 2
1563 3452 2
-8339 9499 2
-281 9255 2
7329 4804 2
7415 4313 2
-9296 5320 2
-482 9985 2
8266 9987 2
5558 7328 2
9769 8250 2
423 677 2
-632 4321 2
-1102 6271 2
9947 7896 2
7368 8835 2
-6006 3754 2
-6132 3961 2
8622 1020 2
-5814 4339 2
926 433 2
4651 3875 2
-5563 7199 2
9094 2282 2
-4392 3189 2
-2730 173 2
1084 3186 2
-637 1824 2
-4837 1621 2
9724 4819 2
-4131 6570 2
9726 4802 2
-353 1335 2
-8044 9331 2
-2870 4209 2
-4003 7927 2
4884 6927 2
-8963 511 2
-2128 -471 2
-4854 9294 2
3926 1049 2
-4841 3777 2
-6666 4920 2
-9504 1876 2
7004 261 2
-7789 1624 2
8561 9775 2
-2224 1624 2
4864 5870 2
-8624 8222 2
-1014 1562 2
-6101 8560 2
9946 1081 2
6391 120 2
-1164 475 2
-2191 1722 2
-2851 8373 2
4558 3648 2
5934 5760 2
2060 1865 2
4985 2237 2
9844 8315 2
2180 5605 2
3776 8498 2
-2670 19 2
-1328 332 2
-8150 6452 2
698 8637 2
-7317 2369 2
-855 9695 2
5031 2676 2
3668 4031 2
-4751 2339 2
-7878 7858 2
4768 5224 2
5331 3539 2
-1152 8519 2
3017 1366 2
-9854 7730 2
4424 6763 2
-8911 8993 2
-3535 2749 2
-5405 9118 2
-5194 6914 2
-1766 8399 2
1519 2698 2
7261 8372 2
