1000
-2334 -538 1
-2211 -310 1
-4272 -2431 1
-1993 -2574 1
-620 -335 1
-6709 -5317 1
-9033 -8951 1
-8340 -6504 1
-2564 -4288 1
-2416 -9241 1
-5061 -4959 1
-3004 -1178 1
-2390 -2504 1
-852 -5459 1
-9465 -1856 1
-1640 -8885 1
-4302 -9766 1
-8651 -4712 1
87 -9246 1
-393 -477 1
-7778 -1788 1
-7017 -8538 1
-5818 -9485 1
-4544 -10000 1
-7224 -5893 1
-6316 -8161 1
-6195 -1261 1
-1197 -840 1
-9634 -1290 1
673 -9563 1
-5145 687 1
-97 -8005 1
-3302 -9221 1
-3607 -595 1
-1551 -5318 1
-6713 -2740 1
-7661 -4123 1
-7145 741 1
-2582 -7260 1
-1216 -6002 1
-6099 -343 1
-5555 -9316 1
-6543 -6899 1
-2270 -2861 1
-7755 -4710 1
-4609 -2159 1
-3475 -3197 1
427 -5976 1
-512 -8382 1
-3885 -9817 1
-6864 -7296 1
-7807 -6617 1
-7548 130 1
-3044 -9331 1
-1178 -2711 1
-5469 600 1
-2662 -886 1
-8840 -5338 1
548 -5393 1
-2701 -3132 1
140 865 1
-5638 -2737 1
-802 773 1
470 -3645 1
-9663 -1916 1
-1539 -7936 1
-2172 -1412 1
-7139 371 1
-6561 -3174 1
-6357 -5025 1
965 -7340 1
-6955 -1523 1
-3066 -5216 1
-6173 -4143 1
-7548 342 1
-6480 -7919 1
-9287 -9008 1
-5292 464 1
-5233 298 1
-4283 -7825 1
-8365 -5005 1
-9179 -4660 1
-2631 -5470 1
-2196 -7855 1
-4926 -6980 1
-944 -2672 1
681 -7923 1
-2891 -2115 1
-8936 -1022 1
-3489 -7625 1
-55 -3047 1
-7175 -1650 1
-1664 -1174 1
-5469 -5100 1
-2687 -7082 1
-2949 -8121 1
-9744 -946 1
-410 -3027 1
374 -3776 1
-721 -9899 1
510 -3128 1
-6209 -531 1
-893 -3314 1
-6415 -5967 1
173 -6087 1
-18 -9700 1
67 -1349 1
-4221 -4470 1
-6747 -7158 1
-5417 -3839 1
-1800 -2373 1
-7944 -4857 1
-6236 -6497 1
-1196 -9079 1
-2747 -1144 1
-8367 -3615 1
-8911 606 1
-5546 -2227 1
-8040 -247 1
-619 -1004 1
-249 66 1
-9665 -2566 1
-9930 -2474 1
-3442 -5399 1
-2544 -323 1
-2467 -2692 1
-7981 -4445 1
866 -8335 1
-8653 -2226 1
-1570 -9935 1
-6253 -9850 1
-8047 -9537 1
-7631 -4724 1
-7116 -9671 1
-4044 -3858 1
-4467 -1027 1
395 -7812 1
-3630 -4447 1
-7259 -7322 1
-6430 295 1
-5733 -9592 1
-7147 -8386 1
-6738 -2988 1
-1042 -7717 1
-1196 -3875 1
989 -2394 1
567 -6302 1
-2532 -7880 1
-246 -9048 1
-1024 -858 1
-4446 -7296 1
561 -5565 1
-2402 -2953 1
-8368 -3102 1
-8656 -3296 1
-5928 485 1
-345 798 1
-8452 -5038 1
-1410 -628 1
-3708 466 1
-1974 -9770 1
967 -652 1
-8516 -28 1
-7826 -5411 1
-2844 -4648 1
-1529 -2494 1
-5368 -2635 1
-6409 -2757 1
-6415 -2320 1
-1497 -7249 1
-9504 -6130 1
-3615 -2524 1
-1596 699 1
-6642 -637 1
-3769 -2123 1
-9598 -1294 1
-106 -8689 1
-5102 -6289 1
665 -2308 1
-9222 -1939 1
182 -8011 1
-2698 -5276 1
895 189 1
-2899 -347 1
-1417 -9654 1
-5995 946 1
-3822 -1120 1
-4498 -8596 1
-2582 -457 1
-904 -7965 1
-6168 -6539 1
-8344 -6688 1
-7948 -8604 1
149 -7455 1
-1082 -6826 1
616 -7838 1
-1355 -9797 1
-6887 -150 1
-3263 -4021 1
-3586 -1056 1
-3123 -1557 1
-7917 -2831 1
-8035 -3317 1
-7399 -1037 1
-8754 -9028 1
-2735 -7189 1
-2075 -7217 1
-5030 -2561 1
-1562 -9977 1
-2598 -6955 1
-6637 -2035 1
171 -3267 1
-2857 -9542 1
-739 -9194 1
-5133 -8995 1
-5005 -4346 1
-3283 -1749 1
-1769 -6088 1
-8613 436 1
-3570 -3721 1
-7472 -2546 1
-6677 783 1
-5623 -3620 1
-2687 -1280 1
-9625 -6847 1
398 -1474 1
-4112 -1238 1
-8887 -1995 1
-7997 -984 1
-6879 -1619 1
809 -8240 1
-5709 -5332 1
-7124 -5880 1
-7712 -2526 1
-900 -7174 1
-4414 -1207 1
-1341 -4302 1
-9601 -8620 1
-2591 -4445 1
-1055 218 1
-4426 -2466 1
-7378 -7586 1
-7078 -9630 1
-7823 -6379 1
-6988 -3040 1
570 -1842 1
-7207 -4227 1
-6394 464 1
-8338 -7506 1
-306 -1367 1
-8277 -7571 1
-5168 -627 1
-3169 -5549 1
-9773 -8589 1
-7194 -298 1
-5205 -3120 1
-9049 -2497 1
-7179 -5141 1
-1560 -1690 1
-1430 880 1
-8999 -1965 1
-1365 -151 1
-3001 -3942 1
-3361 -1923 1
-8437 -2016 1
-4921 -7131 1
-4150 -4368 1
-8180 -761 1
-6949 -8116 1
-5650 -6083 1
-5502 -6743 1
-7475 -4055 1
-381 965 1
-6724 -5588 1
-3183 -6618 1
-6809 -2346 1
-6366 -2761 1
-2383 -8397 1
-8292 419 1
-406 -6302 1
-5731 -9369 1
-8286 -2725 1
-5923 -8252 1
-9390 -3526 1
-522 -2972 1
-7029 -3396 1
-6511 -7447 1
-5775 -8698 1
-7243 -5620 1
-278 -4330 1
-1602 -8831 1
-3958 -9051 1
-2679 -9956 1
-7445 -7947 1
-8668 -6267 1
-9827 -8850 1
-7967 -1885 1
-4778 -7652 1
-375 -1202 1
-4064 -4016 1
-6226 -9093 1
-4102 -476 1
-9575 -8369 1
-238 -3722 1
-8070 -2499 1
-3273 -2148 1
331 347 1
-6062 -4045 1
943 -5054 1
-6009 -7701 1
-6773 -6782 1
-3371 -5825 1
526 -5528 1
363 504 1
-9139 -2650 1
-572 -7306 1
-667 -7760 1
-5263 -9613 1
867 -8370 1
-1467 -7242 1
706 -6778 1
-2476 -4754 1
-2117 -6342 1
-7541 -9386 1
-5138 -6180 1
-7677 838 1
-6639 -6174 1
362 953 1
-1437 -3750 1
-5349 -3651 1
-9130 700 1
-1343 -3165 1
-4341 -5284 1
-6683 -435 1
-154 -3302 1
303 -1902 1
-9695 -1839 1
388 -7904 1
-3442 -4227 1
-1062 -2371 1
-9037 -2033 1
-2329 -7182 1
-6093 -5102 1
-2755 -8576 1
-5092 -2958 1
-39 -6178 1
-3916 -603 1
-8243 -546 1
-3030 -5156 1
-5273 -5835 1
-8037 -5168 1
-8060 -5471 1
-9730 -5644 1
-4635 -6147 1
-9981 -5564 1
-9315 -8554 1
-5216 -3266 1
-5908 -1058 1
-9769 -8661 1
-713 -9580 1
885 899 1
-3297 -9470 1
-3908 -2886 1
-8463 -2016 1
-3634 -1897 1
-260 -6162 1
-4262 -8893 1
167 -8362 1
534 -7282 1
-7746 -5950 1
-3431 -7179 1
-8787 -4202 1
-204 -860 1
-7150 -9800 1
-2013 -8227 1
-278 -2454 1
-7312 -1115 1
-9380 -1393 1
809 -5731 1
-8266 -2204 1
-7209 -6028 1
-6918 -6524 1
-7602 -4970 1
-3075 -300 1
-86 -4810 1
-4099 -7951 1
-8638 -7337 1
-5018 -7373 1
617 -3621 1
-4421 -5148 1
-6601 -5437 1
-8220 -8783 1
301 -3885 1
-5703 -9815 1
-5701 -2814 1
-3451 -6103 1
-3558 -2225 1
-9981 -7386 1
665 -8958 1
825 -3074 1
-5876 -8174 1
-3738 -2583 1
-875 -1903 1
-6471 414 1
-4464 -8356 1
-2091 992 1
-8167 -8668 1
-8117 -9795 1
-4421 849 1
-135 -8433 1
-9238 -7353 1
-5599 -6198 1
-3968 -6255 1
-1464 -280 1
-9500 -4274 1
-8054 -7696 1
-5375 -9004 1
-6041 -5211 1
-6849 -2368 1
86 -2310 1
-2243 -2543 1
-704 -6031 1
-1233 -8669 1
-5007 -4032 1
-7702 588 1
-3670 401 1
-6667 -3419 1
-4238 -8658 1
-7706 -2601 1
-1454 -175 1
-3557 -5041 1
-9031 -8306 1
-3369 -7852 1
-8828 88 1
-4043 -6126 1
-1506 -193 1
-1059 213 1
-9032 -1655 1
-3456 -3392 1
785 -1673 1
-3805 -4426 1
229 375 1
-651 -8891 1
-9416 -5964 1
309 -5090 1
-8051 -8092 1
-788 -931 1
-9376 -3983 1
-9693 -3353 1
-80 -7523 1
-887 326 1
-2194 -757 1
242 -8534 1
-1094 643 1
889 -99 1
-7918 -1369 1
-9181 -8424 1
474 -4303 1
-9918 -1367 1
-9836 -6602 1
-1836 -7554 1
68 -2004 1
-3807 -496 1
-8571 -5785 1
-2951 153 1
-3593 -17 1
-2988 -2794 1
-3729 -8263 1
-5651 -9797 1
-2774 -7668 1
-2462 -6278 1
-5034 -2881 1
-7791 -7968 1
-4434 -347 1
-2458 -7425 1
-4118 798 1
-9823 -2370 1
433 -1466 1
-7820 -4255 1
883 669 1
-9628 -8340 1
-4780 -1570 1
-9729 700 1
-4276 -9390 1
-2139 -1434 1
-6702 -2521 1
-6078 -1522 1
-7954 -6125 1
-5599 -588 1
-646 -7362 1
-7706 -6814 1
-2494 559 1
-9287 -4384 1
-1880 -5240 1
-1008 -4401 1
483 -9554 1
-4473 -7179 1
-7055 -2433 1
-2508 538 1
-4133 -7927 1
2444 3497 2
534 2998 2
7106 3912 2
1880 -715 2
7999 288 2
5939 5130 2
5426 199 2
3218 -398 2
5641 4946 2
2250 9343 2
7482 9775 2
7286 9610 2
1123 3518 2
4677 6235 2
7699 2991 2
2281 7077 2
7999 6355 2
-737 9385 2
8297 1072 2
7097 3844 2
5422 8813 2
-187 8914 2
5076 7523 2
9336 4841 2
7100 931 2
9712 -663 2
9545 1159 2
1471 7694 2
2094 7995 2
4896 2774 2
1598 618 2
9801 2311 2
6336 8030 2
6768 3585 2
6391 8986 2
6067 1155 2
-469 4097 2
5420 -158 2
-583 2207 2
9137 8330 2
845 3664 2
5257 7756 2
1676 993 2
9760 1980 2
9481 -788 2
5960 8492 2
4295 6191 2
5314 916 2
5728 606 2
1490 2679 2
6376 480 2
1355 2695 2
8948 2413 2
-366 1336 2
9563 4728 2
2565 6106 2
9212 9753 2
5701 8237 2
5392 6574 2
9579 5954 2
207 39 2
6841 8162 2
9090 -336 2
1183 1874 2
-110 6809 2
3787 3408 2
8941 824 2
2127 7940 2
3836 3352 2
2971 3884 2
8567 6555 2
-426 6484 2
1728 2063 2
5467 7904 2
4074 3817 2
5227 7796 2
315 8391 2
2517 7739 2
4348 9907 2
9336 4498 2
7258 5742 2
6830 -777 2
4417 6039 2
7006 1317 2
4218 4621 2
2092 5763 2
910 -398 2
-67 377 2
5944 8029 2
526 -754 2
2663 9595 2
9292 5295 2
4493 9033 2
-61 9192 2
-118 5130 2
-730 1607 2
9662 107 2
9704 2431 2
5389 4558 2
3629 9780 2
-626 7531 2
5902 4815 2
9646 6958 2
-146 2322 2
-692 2513 2
9341 4947 2
-231 7579 2
-27 -890 2
6542 2999 2
1552 8159 2
1554 -527 2
2475 4738 2
3950 1014 2
3357 7166 2
4307 1496 2
1076 5883 2
9934 9496 2
3415 776 2
1348 6915 2
9852 2364 2
-251 1956 2
9107 1491 2
1530 7121 2
2884 9698 2
-279 3126 2
5312 8873 2
4439 1962 2
9756 3672 2
6927 5147 2
-530 8925 2
6152 7164 2
1517 9420 2
6738 1168 2
3394 3927 2
4391 600 2
6955 6327 2
3186 2765 2
8532 4189 2
8797 1856 2
-944 5012 2
82 41 2
-240 8546 2
-571 1487 2
4276 3013 2
4107 6628 2
3815 4147 2
5910 3971 2
6521 2889 2
6886 978 2
6023 7201 2
9250 4027 2
3715 8390 2
2686 2526 2
8285 -507 2
7110 2604 2
6011 6012 2
3403 5951 2
7256 7005 2
1288 6258 2
3424 9486 2
5010 6729 2
1972 1224 2
1787 9234 2
2747 1941 2
4637 5865 2
518 4039 2
8963 6906 2
8213 -887 2
-370 2250 2
4721 -692 2
7784 1036 2
3335 1681 2
6379 2979 2
5733 5727 2
4587 2164 2
-581 4039 2
6672 383 2
-746 1461 2
4371 9326 2
3972 1959 2
5807 6760 2
8638 8687 2
1769 8678 2
8702 154 2
9337 5561 2
6827 2697 2
58 841 2
1462 3826 2
753 793 2
9484 3594 2
4178 6035 2
7152 6522 2
9242 8306 2
4159 6721 2
5118 4284 2
2282 8210 2
9520 9460 2
5033 4073 2
9421 -825 2
7730 475 2
9741 1774 2
9072 -697 2
4053 7177 2
7142 3709 2
3269 6789 2
6336 3329 2
6532 4130 2
2909 9225 2
9487 3890 2
3261 9669 2
5600 5359 2
6317 9633 2
4830 529 2
1601 3015 2
8759 8815 2
8829 4145 2
5905 7153 2
7793 1598 2
5803 5867 2
6876 5855 2
2602 7362 2
2240 -593 2
5565 5211 2
521 3308 2
429 -824 2
-148 7965 2
8059 3916 2
2545 -352 2
4530 6301 2
5586 2554 2
-967 2556 2
7920 5014 2
6900 6964 2
1457 805 2
-374 7481 2
8761 3251 2
7881 2625 2
2669 -809 2
3282 3921 2
6202 5087 2
4541 4542 2
5428 7035 2
2471 -28 2
3845 5822 2
8933 2988 2
9842 8239 2
343 8373 2
8672 6481 2
-847 2991 2
8902 6225 2
-704 5591 2
3479 9184 2
931 2027 2
9372 134 2
4377 3882 2
3434 3813 2
7353 4483 2
3499 8313 2
9123 3491 2
7559 6305 2
1882 -596 2
-174 1410 2
-481 -137 2
1669 -122 2
198 1517 2
6654 4290 2
3536 918 2
5674 5498 2
9280 6128 2
8087 4665 2
8522 494 2
1461 2907 2
-403 7852 2
3450 9662 2
9302 -893 2
6350 8463 2
9751 2995 2
8007 5620 2
9324 6731 2
6392 -44 2
9367 4770 2
8775 5785 2
9548 166 2
6101 8564 2
1842 9074 2
4496 -476 2
9195 -478 2
8890 1738 2
257 6501 2
9528 6163 2
3419 9859 2
9864 5582 2
9881 9826 2
8627 2335 2
2805 4407 2
4305 2022 2
9068 6744 2
8491 442 2
4037 -7 2
9683 1178 2
-989 5519 2
530 3689 2
6465 2545 2
2311 639 2
5389 -670 2
-755 2137 2
-208 8001 2
6036 6309 2
4951 -11 2
4140 841 2
-555 5595 2
-547 832 2
4181 -18 2
-328 3195 2
-373 7885 2
2955 6136 2
7761 411 2
9850 8542 2
5840 7540 2
1758 -937 2
1092 2043 2
9577 2362 2
2613 1245 2
4462 9180 2
8230 -692 2
7387 4169 2
6633 9134 2
6647 8585 2
-863 5161 2
457 6918 2
4099 8685 2
8854 5196 2
5257 5081 2
2255 2750 2
9190 9336 2
-225 1093 2
9606 6467 2
2847 5534 2
1381 483 2
4498 1888 2
-3 4661 2
4383 7508 2
4933 3911 2
-621 8752 2
7993 8662 2
224 9460 2
276 4995 2
1010 4426 2
7565 9374 2
3409 2304 2
8374 4624 2
-989 3101 2
8899 953 2
7993 2468 2
1302 4321 2
2893 1812 2
1894 767 2
7425 3187 2
6783 1881 2
3847 6083 2
-503 1680 2
3400 7170 2
3094 2639 2
305 5849 2
9644 34 2
3531 9878 2
6442 1840 2
3007 8628 2
4957 6339 2
2163 756 2
5471 6223 2
9911 8106 2
9261 9756 2
-568 8953 2
5063 414 2
3875 -566 2
9050 6649 2
1630 5814 2
-890 109 2
6122 1248 2
8413 6481 2
5016 102 2
5179 9278 2
9238 190 2
7183 8899 2
8467 -67 2
3066 -328 2
8646 1135 2
7243 3721 2
7398 -784 2
3426 3694 2
625 8568 2
546 4425 2
-399 6908 2
7662 7080 2
2883 -22 2
3053 7275 2
5523 3296 2
5629 586 2
2080 9021 2
3141 8470 2
8490 8385 2
1377 9865 2
2854 6995 2
7912 1056 2
7759 7460 2
-133 -600 2
9221 9183 2
2757 7893 2
249 8699 2
1366 8174 2
-384 66 2
3422 -226 2
4531 7272 2
1281 1935 2
591 87 2
9637 1366 2
1371 3669 2
5616 -731 2
-189 7323 2
1454 5106 2
5963 9171 2
8351 9313 2
1868 4977 2
1771 1877 2
9703 8094 2
-70 -955 2
538 3423 2
4930 7235 2
9931 1110 2
6714 1527 2
6581 1059 2
7919 6713 2
-776 8914 2
-976 1523 2
9839 6586 2
1916 2011 2
6813 7834 2
9614 1611 2
8770 487 2
8028 9655 2
7910 1674 2
-25 2044 2
198 5462 2
9749 7852 2
5888 4682 2
9025 8897 2
8246 230 2
9601 8362 2
7239 -959 2
0 9062 2
5094 5790 2
-631 2415 2
3005 9167 2
1873 1962 2
7809 1414 2
9054 4455 2
1247 684 2
2105 3586 2
2483 9084 2
-392 2268 2
2295 -451 2
120 7703 2
9493 3395 2
2148 -288 2
1176 9850 2
2900 5225 2
1012 2605 2
-733 7449 2
2913 5278 2
9056 5015 2
346 3845 2
4731 7753 2
-497 6944 2
6723 6036 2
7222 3277 2
346 9150 2
1175 3427 2
654 6464 2
4040 8893 2
1274 6941 2
4243 4156 2
4675 5895 2
3282 4981 2
3378 7390 2
6543 5019 2
1911 8173 2
3455 1594 2
6357 4761 2
2147 3523 2
5479 6603 2
8411 6729 2
1761 2492 2
3497 -207 2
511 1658 2
6967 366 2
5544 515 2
3496 6108 2
9402 1401 2
4056 6497 2
