1000
731 -9300 1
-3767 -6206 1
-6851 821 1
-2961 -5587 1
-7568 -8064 1
-1425 -3676 1
-4294 -9579 1
934 -7095 1
-7794 -8535 1
-6731 -923 1
-8911 -9323 1
-2960 -2239 1
-7014 -7463 1
-5756 -8529 1
-1797 -3816 1
-1951 -9757 1
-4968 -9757 1
-2442 -8465 1
-5161 -4958 1
-1030 -2386 1
-3469 256 1
-3336 -6424 1
-6556 -213 1
-339 -1287 1
-2591 -24 1
-4260 -3108 1
230 -6397 1
-7427 -9636 1
-5410 424 1
-4727 -5037 1
142 -1541 1
-1754 -4719 1
444 -756 1
-1951 -5862 1
-5587 -1729 1
-8299 -6312 1
-4191 -9227 1
-3464 -3716 1
361 -1274 1
-4462 -2277 1
-9354 -9522 1
233 -2599 1
-5222 -9590 1
-1730 -2376 1
-3389 -6823 1
-5161 -4085 1
-1276 -4907 1
-4018 -6763 1
-607 -4164 1
-1 -9072 1
-2023 -813 1
-8428 -2236 1
-3302 -4836 1
-2966 -85 1
-2113 -530 1
-1955 -9848 1
-1097 -5966 1
-8349 -885 1
-9466 -6527 1
533 -3114 1
-7299 -1697 1
-4456 763 1
-6922 -31 1
-8765 -3469 1
295 -3193 1
-9562 -9749 1
-1882 -4046 1
-3676 -6882 1
-3928 -3735 1
-8214 -4549 1
-9799 -9092 1
-9173 -2350 1
-4556 -5412 1
-6961 -5314 1
-8900 -8177 1
-3279 -9790 1
-328 -415 1
-5338 -3710 1
-5492 -4256 1
-4681 -3173 1
-3055 -6018 1
-9267 -9269 1
-4554 -6162 1
-350 -2866 1
-2354 -5060 1
-9494 -6537 1
-8243 -5972 1
-6292 -1876 1
-9671 -7719 1
-4443 -8115 1
-8323 -6590 1
-9743 976 1
-1329 -7316 1
-3327 -827 1
-4265 -2029 1
-4895 -899 1
-1773 161 1
-3099 -302 1
-240 -9967 1
734 -3549 1
-4365 -5714 1
-9450 -364 1
-5414 -3595 1
-1427 -3886 1
-3491 -5323 1
-594 -6624 1
-9535 -8178 1
-1085 -9720 1
235 -2137 1
-5693 -814 1
-9871 -1727 1
-5670 -624 1
-7047 -8353 1
-4222 -4652 1
-5058 -1731 1
-2503 -594 1
-5895 -6826 1
-5743 213 1
-2499 -921 1
-3965 -5373 1
-7542 -7859 1
-2970 -5924 1
-8495 -8499 1
-446 -8206 1
-2226 -8602 1
-3244 -3324 1
-5431 -3902 1
-4811 -4783 1
-652 -6084 1
-5552 -4202 1
-6805 -9879 1
-4973 -14 1
-5396 -5634 1
-5130 -7022 1
-3312 -564 1
-6792 -7097 1
-8891 -3791 1
-486 -8501 1
-8080 211 1
-9274 -2798 1
-3885 -9026 1
-1911 -6543 1
289 555 1
-4783 -4952 1
-50 -4573 1
-7905 -4702 1
-275 -1618 1
-3079 -1576 1
-4322 -8706 1
-2604 -5348 1
-7069 -462 1
-4571 -887 1
-2688 -7574 1
-9106 -6210 1
-567 -9240 1
-7708 -7485 1
-1413 -1974 1
-7360 -9345 1
936 -101 1
-4498 -5455 1
596 -2232 1
-1485 -7870 1
-7032 -7065 1
-9053 714 1
-1225 -159 1
-3404 -7897 1
-6263 231 1
-5958 -6408 1
-6608 -4170 1
-6334 -6887 1
-4829 -2997 1
883 -2127 1
-1711 -1933 1
-3702 -9648 1
-6033 -8121 1
-4357 -1140 1
-4001 -8726 1
-7446 -4569 1
-9737 -5428 1
-638 -5092 1
-6816 -4991 1
180 -584 1
-8766 -2207 1
-9997 -1803 1
-165 -9955 1
-2688 -7568 1
-9840 -8983 1
-7408 -311 1
524 -5500 1
-8786 -3651 1
-490 -6915 1
-8747 -2 1
662 -5072 1
-904 -2240 1
-8548 -3310 1
-3011 -801 1
-7117 -7922 1
-6760 -9577 1
-8401 -9595 1
-1129 298 1
-9295 -1916 1
-744 -5287 1
-9066 -5049 1
-9809 -3370 1
-3138 -4353 1
-4133 -8732 1
-2020 -5449 1
-1447 -4752 1
-9424 -260 1
-9393 -5870 1
-3160 -4318 1
-4328 -5892 1
-5346 789 1
-423 -5491 1
-7785 -7567 1
-632 -8148 1
-8509 -8530 1
-9380 -9981 1
825 -6691 1
-7642 -6952 1
-587 -4141 1
-1959 -406 1
-6041 -8717 1
-3954 -8970 1
-3200 -826 1
-2999 -4395 1
308 -6708 1
-3591 -858 1
-3156 -8119 1
-9877 -7790 1
-4966 -1968 1
-9744 -6332 1
-7957 -7151 1
-6266 -9864 1
-8934 -941 1
-1610 -9347 1
-3827 652 1
-8382 623 1
-7032 -2126 1
-539 -2581 1
-3131 -1418 1
-5830 -8441 1
-1685 -1205 1
-795 -6650 1
-9842 -9 1
-8627 874 1
-9964 -7849 1
-2957 -8045 1
-1035 -6468 1
602 -5295 1
-7716 -1631 1
-7110 -9559 1
-4586 -3156 1
-2066 -702 1
-4949 -2305 1
-3880 -7695 1
-6988 -7928 1
-3311 -5041 1
110 -3362 1
-6228 943 1
-8028 -3381 1
-9569 -3296 1
-2397 -9990 1
-5314 -4188 1
-8175 -9813 1
972 -763 1
-5566 -4690 1
-8329 -9420 1
-4300 -6698 1
-8532 710 1
-4337 -1182 1
-9255 -5834 1
-1546 -2293 1
-846 -6296 1
-1045 -1832 1
-333 -2461 1
-4794 -8667 1
-2326 -5747 1
-4957 -8472 1
984 163 1
-119 -13 1
-3807 -4700 1
-1214 -8618 1
-5341 738 1
-434 -2774 1
-5888 -4000 1
863 -7290 1
-9486 -6883 1
-5005 -8312 1
-1383 -1220 1
-7444 -1783 1
-6137 -5583 1
-592 -6085 1
-2603 -3903 1
-8882 -1472 1
-8166 -2818 1
309 -8261 1
-7961 -1175 1
-1101 -1823 1
-3525 -1299 1
-9526 -63 1
-2176 -3969 1
-1574 941 1
-3186 -7860 1
-7396 727 1
-8454 -5383 1
-4751 -1316 1
-6750 -1156 1
-204 -3867 1
-9041 -1912 1
-3671 -8781 1
-6171 -2527 1
-6858 -2960 1
-4632 -1302 1
-1348 -3610 1
-3507 -9363 1
-6508 -5250 1
-9714 -9954 1
-6312 -7686 1
-7099 -2856 1
-4113 -529 1
-1086 -5527 1
813 -7803 1
-5511 -4388 1
-1557 640 1
-5940 -623 1
-5037 -2342 1
-1874 -2645 1
-4556 -4820 1
-7795 161 1
-5522 -3756 1
-9451 -1704 1
-4669 -8289 1
-1129 -831 1
-1284 -5786 1
-8257 -127 1
-544 -5214 1
-887 -2329 1
-3870 613 1
-7463 -6655 1
-5253 -3005 1
-7645 -8177 1
-9896 -3770 1
-9563 -4568 1
-6938 -4020 1
-9404 -1825 1
-4900 -1910 1
-5340 -8264 1
-6220 -159 1
-7209 -6194 1
-7713 -4740 1
-5802 -1728 1
-6054 -8237 1
-1524 128 1
-3785 -8803 1
-3871 -4161 1
-7565 -9564 1
-8135 277 1
-1416 -9944 1
-5748 -9767 1
-2772 -3736 1
-593 -7927 1
-9230 -2870 1
-3142 -172 1
-5028 -3483 1
-5946 131 1
-2099 856 1
-9186 898 1
-2445 -1846 1
-3345 -6019 1
-9317 421 1
-1307 -9038 1
-4810 998 1
-7761 -5333 1
-2802 -6095 1
-6183 963 1
-6955 -1914 1
112 -6725 1
-9627 61 1
-4145 -2449 1
-3740 -3392 1
-5095 -2315 1
-4860 -6667 1
-9425 -9519 1
-8675 -5834 1
-713 -2435 1
-6855 -2441 1
-4949 -1319 1
-5003 -3088 1
-6311 347 1
-3006 -3245 1
-6318 -7565 1
-3178 -1923 1
-3148 484 1
213 916 1
947 -4139 1
-9070 -4864 1
-3806 -8199 1
-1177 -8020 1
-5150 -3312 1
-6556 -4447 1
-3793 -2632 1
-6745 -4798 1
-5860 -1923 1
-8291 -3722 1
-6199 -7659 1
-7788 -6289 1
-7346 -7186 1
-4577 -9988 1
-6494 -1663 1
-6453 -8531 1
-4208 -1221 1
-1989 -5071 1
-1513 -8276 1
-5708 584 1
-1254 703 1
-1319 -286 1
-7327 -2196 1
-8971 -5300 1
399 -5813 1
-7135 -5937 1
-8426 712 1
-5318 394 1
-3299 -5258 1
-5466 -7556 1
-5468 994 1
-7985 -5684 1
-6688 -394 1
-5241 -8118 1
-1826 -1749 1
-1512 -8938 1
-6123 -854 1
-3885 -6581 1
-3274 -9806 1
-5319 -7053 1
-5400 -3594 1
-1081 -4262 1
-4052 -9138 1
-5001 -7857 1
-9990 -2332 1
-1789 -8383 1
-8536 -4926 1
-6595 399 1
-1470 -8521 1
-4261 -7996 1
-6875 -3074 1
-2782 -7481 1
970 -7075 1
-2652 -735 1
-1551 -346 1
-2918 527 1
-9730 413 1
-6694 -1452 1
-5602 -6427 1
-2983 -8026 1
414 -1047 1
-9734 -768 1
-5579 -3937 1
-6811 -9236 1
-3612 -7010 1
-161 -8684 1
-2291 -6816 1
-7749 -3682 1
-9982 -3707 1
-6270 -8546 1
371 -529 1
-7082 -6323 1
-2162 -547 1
177 -1797 1
-6327 -8654 1
-7773 487 1
-2971 -2664 1
351 219 1
-5059 -2729 1
-4799 -7101 1
-1813 102 1
-6923 128 1
-7730 771 1
-8838 -6782 1
-4324 -8132 1
-5373 -48 1
-491 -9182 1
-3954 -1967 1
-808 -6876 1
-3309 -2837 1
-5752 -3247 1
-2460 -8680 1
-7599 -4510 1
-1512 515 1
-9341 -2717 1
-2786 -868 1
-1152 -345 1
-9706 -5639 1
132 -1771 1
-7338 -6654 1
-8625 -68 1
-4886 -8336 1
733 991 1
-1314 -1602 1
-3447 -9793 1
3572 147 2
9583 7523 2
5966 9187 2
938 1425 2
-705 3569 2
6428 3754 2
4303 -564 2
-323 9475 2
1663 4200 2
-395 9620 2
93 555 2
9998 8885 2
8424 7216 2
3444 2390 2
3074 6642 2
6895 5021 2
688 9073 2
855 878 2
4742 3594 2
1675 9312 2
2388 3970 2
9980 9484 2
1392 8472 2
5413 1447 2
3303 7594 2
7771 1720 2
2324 5121 2
1397 4263 2
6324 3146 2
4280 9005 2
5262 8985 2
9310 2926 2
6140 5216 2
9220 976 2
2160 8006 2
1420 992 2
7717 4916 2
3679 1914 2
8533 2377 2
5070 1630 2
-614 -743 2
2193 3063 2
7446 4980 2
8481 6971 2
6737 408 2
9382 -321 2
8456 -537 2
6580 7365 2
4664 3157 2
4946 4279 2
7176 8656 2
1048 -557 2
6564 4743 2
5067 5476 2
-961 2025 2
-700 1626 2
1060 9024 2
4874 1833 2
1196 2995 2
3207 4243 2
7690 -269 2
5324 6836 2
2350 3810 2
6424 1476 2
7318 673 2
945 8608 2
9535 4831 2
4794 1323 2
1559 3671 2
66 -586 2
2279 2972 2
6862 -965 2
1861 9875 2
4726 2112 2
-777 9607 2
1511 5040 2
1379 3947 2
7858 4137 2
2555 4029 2
4119 9373 2
-997 5327 2
7916 6778 2
6531 2116 2
6819 7093 2
6486 2164 2
622 -759 2
1240 1945 2
5032 8210 2
4229 6880 2
754 4810 2
1162 1589 2
921 2794 2
2882 -493 2
8606 7797 2
6639 6822 2
4081 5500 2
7632 2411 2
3211 428 2
2203 4700 2
7756 5363 2
5803 3826 2
6199 6958 2
-772 -76 2
624 8942 2
4246 8020 2
4200 948 2
2230 1173 2
5363 8337 2
-114 904 2
7865 8089 2
9897 5599 2
5150 5099 2
3235 7526 2
7195 1136 2
9313 8352 2
4896 6578 2
221 9788 2
5031 1357 2
1496 5146 2
-637 8704 2
4809 4452 2
8066 1944 2
2956 5646 2
4366 1732 2
8010 5163 2
2886 -990 2
6927 2103 2
8465 1146 2
2524 9733 2
1285 5511 2
4286 -843 2
201 3468 2
6882 3180 2
1391 3782 2
8476 8650 2
2325 2587 2
7746 7441 2
4118 4256 2
3521 9810 2
4126 9217 2
-381 2390 2
2696 6352 2
9836 8022 2
6602 5987 2
7705 3255 2
5437 5734 2
6237 7941 2
6481 1088 2
8931 -338 2
1365 6800 2
6193 952 2
2774 -105 2
7533 4870 2
8439 9014 2
2196 7427 2
1529 9151 2
7197 6891 2
-418 1084 2
744 5697 2
9516 8977 2
7774 5368 2
7335 7826 2
-638 865 2
-376 2408 2
6272 3882 2
7144 1663 2
3344 8862 2
6894 6159 2
8369 601 2
8436 5661 2
5568 752 2
9508 6922 2
72 844 2
3731 2779 2
110 5328 2
4367 5146 2
5328 3581 2
7156 -11 2
5554 1684 2
674 494 2
5795 3442 2
5444 670 2
-963 4727 2
1235 1522 2
-565 7240 2
6089 9682 2
9064 3021 2
6924 1610 2
5635 3331 2
8136 176 2
1674 -823 2
5054 974 2
8592 4372 2
6506 4633 2
3214 9969 2
8966 2854 2
-578 4682 2
1585 6087 2
2916 9825 2
9522 -263 2
-80 709 2
3113 2109 2
2791 3454 2
7926 5893 2
4182 4593 2
7258 8449 2
936 1855 2
-398 9853 2
1164 9418 2
805 -380 2
976 2616 2
5291 5502 2
4030 8654 2
7027 5254 2
761 2094 2
3574 1157 2
342 -136 2
8846 6439 2
-449 -746 2
8671 1295 2
1975 9964 2
1220 7794 2
-678 8675 2
2635 2223 2
910 5758 2
994 7081 2
2489 752 2
7387 4954 2
2549 6126 2
6439 888 2
8754 8598 2
2668 9759 2
9141 4914 2
-557 2976 2
4583 7544 2
3336 7994 2
-189 4077 2
1615 2039 2
4256 2693 2
1414 8723 2
708 8092 2
3257 1341 2
-206 3671 2
9210 -864 2
7877 2910 2
332 9788 2
2320 7126 2
3376 6494 2
2566 9757 2
5223 5325 2
6541 9619 2
8601 6750 2
5763 6443 2
8419 5967 2
2455 3076 2
2399 4500 2
4510 6582 2
4739 4161 2
9436 4859 2
3059 4715 2
113 -507 2
5994 6500 2
5837 -515 2
3231 610 2
2452 -61 2
8177 2711 2
9497 5 2
903 7498 2
9024 4561 2
5275 4594 2
6649 5101 2
3392 6890 2
7936 1056 2
4050 8727 2
642 8556 2
-453 2613 2
4411 2889 2
7711 5612 2
4160 9654 2
9796 6665 2
-878 5332 2
-846 9345 2
2327 5148 2
9245 8765 2
6392 2301 2
7027 1789 2
9959 2256 2
7802 7636 2
4949 4036 2
8103 1352 2
5402 9217 2
8815 1044 2
1655 9093 2
4927 8627 2
1299 9560 2
6976 2004 2
9783 9495 2
7197 7320 2
-318 7270 2
3631 -836 2
6863 8138 2
1503 6665 2
7547 9894 2
432 6123 2
1455 359 2
8140 -296 2
5877 1033 2
8868 2226 2
1171 7310 2
7082 5657 2
7879 9327 2
4190 2650 2
7163 7848 2
5354 2064 2
4819 3960 2
1716 6854 2
662 -488 2
2960 831 2
6455 5175 2
9312 3515 2
679 3602 2
3090 9168 2
9811 1095 2
9747 1979 2
3885 2638 2
8716 9269 2
1548 2842 2
-44 7279 2
438 2723 2
1977 5981 2
6240 991 2
8337 1831 2
2922 1182 2
9816 -208 2
-428 7089 2
3466 -947 2
-278 978 2
-646 4967 2
9581 1433 2
9826 4646 2
3437 1002 2
7863 112 2
-452 7043 2
5713 2891 2
3670 605 2
7866 1428 2
5982 2033 2
8357 1137 2
-625 3308 2
7525 1136 2
-921 6438 2
532 928 2
3966 8049 2
4122 5032 2
1223 3360 2
7370 1122 2
5677 140 2
1946 6592 2
4882 7743 2
2160 2343 2
8948 6807 2
2440 6259 2
8455 2634 2
1521 4193 2
1453 7546 2
5724 4568 2
3977 6907 2
7080 7444 2
1478 1309 2
1122 7999 2
-790 1485 2
3363 2441 2
2772 2495 2
2941 1066 2
1871 3850 2
197 -45 2
1341 6828 2
-752 7715 2
-619 5302 2
-700 9439 2
1263 3623 2
5127 1669 2
3656 5851 2
2437 1376 2
2088 7015 2
4888 3906 2
57 7988 2
536 8951 2
2415 6730 2
5692 5733 2
8104 1502 2
1755 6346 2
2259 3894 2
669 4133 2
4506 6308 2
502 6719 2
6998 9496 2
7830 7183 2
-891 9992 2
1637 6622 2
4515 9626 2
430 9639 2
851 976 2
-635 4888 2
3591 3673 2
6293 1033 2
1076 4280 2
9421 5373 2
2391 2895 2
4032 7776 2
5283 2999 2
-165 6372 2
8029 1961 2
2373 -399 2
9608 7702 2
-13 8283 2
5721 4902 2
973 2526 2
8641 -907 2
6148 2379 2
1219 5004 2
7593 6716 2
-564 3006 2
6415 4210 2
750 1237 2
-437 -263 2
9384 2606 2
7211 613 2
4576 4700 2
5032 6525 2
2760 6722 2
8408 213 2
3392 9896 2
6282 9416 2
6771 3444 2
6068 2752 2
-553 2354 2
2715 1821 2
3528 2776 2
-739 9398 2
122 4318 2
4622 5859 2
4075 7343 2
1758 3563 2
-231 8907 2
7466 7426 2
5675 8834 2
6570 8282 2
7362 1876 2
6228 2438 2
2092 4141 2
9569 5251 2
1704 -979 2
7928 7999 2
4000 9986 2
7811 236 2
3940 9916 2
2579 2972 2
341 4322 2
8558 7008 2
3697 4943 2
4968 6681 2
9442 4681 2
1693 2794 2
5912 5579 2
8529 3400 2
1274 -45 2
-556 6842 2
-1000 6901 2
704 9359 2
8819 4455 2
967 7892 2
5976 4778 2
4660 5834 2
-407 4121 2
7288 8560 2
9966 9836 2
849 5260 2
7151 7065 2
2459 4435 2
8756 4754 2
4686 3458 2
6477 9596 2
-861 -509 2
2203 7447 2
4305 -725 2
9732 9233 2
8682 5504 2
584 722 2
4002 6538 2
5061 3018 2
7937 5297 2
8292 3441 2
5476 5159 2
-167 528 2
6673 5567 2
7080 86 2
6683 1897 2
4101 6799 2
5560 2135 2
