1000
1518 -4880 5
-373 2995 5
609 2542 5
531 -2584 5
-1438 2686 5
4447 -2167 5
-2036 3142 5
-347 -4356 5
640 4035 5
3644 -1407 5
2171 391 5
-3562 -2510 5
88 4088 5
2540 -4970 5
4778 -868 5
-3538 -2415 5
2780 -2634 5
2265 -177 5
-4458 1460 5
-689 2663 5
438 772 5
1125 -769 5
-2145 -2133 5
-3591 1827 5
-621 -3812 5
4863 1447 5
-1656 -3083 5
2381 246 5
-3535 -3015 5
-249 2088 5
1091 -3862 5
-804 4643 5
3237 4203 5
503 -3649 5
4828 -2220 5
3884 210 5
2796 1997 5
3901 4582 5
-248 593 5
-3112 271 5
-1431 4727 5
-218 -363 5
-3019 -1700 5
4028 -632 5
2535 683 5
2936 587 5
1296 -4467 5
1852 3093 5
-2766 3814 5
-4359 1179 5
4419 -3965 5
4522 -2291 5
-1948 -4750 5
-4798 -1272 5
2841 2416 5
1472 2686 5
-1510 2547 5
4366 -4130 5
3689 -2217 5
-3354 -3038 5
962 1587 5
-2740 1350 5
2142 -2093 5
-406 -1886 5
-654 1462 5
-4001 2045 5
-1049 87 5
-3233 -4497 5
4074 3401 5
-3806 1381 5
4663 -3114 5
-2461 1807 5
-3653 2298 5
-226 -2104 5
-2499 -1836 5
4406 -1883 5
-790 3370 5
2815 -882 5
-869 -1765 5
2218 -1119 5
-4672 -852 5
-1112 -4889 5
3518 -3999 5
-2219 4338 5
3 726 5
1226 -227 5
2008 -3998 5
-4267 -1986 5
-342 -3738 5
-1312 1525 5
1936 1730 5
-1168 -2102 5
644 3005 5
1392 2064 5
-2992 4601 5
-711 4763 5
-3212 1715 5
-33 2207 5
-4376 1054 5
-2864 4005 5
1538 4865 5
361 4122 5
-1517 -1835 5
-3360 4459 5
1313 80 5
-2671 1733 5
4897 -2840 5
2283 -1735 5
-3460 -1889 5
193 2289 5
-4301 4147 5
-3015 -105 5
-1236 -2103 5
-606 2324 5
-4553 -294 5
2898 3912 5
3894 -1705 5
2281 3675 5
-2455 -909 5
580 1497 5
-2465 -916 5
753 568 5
-2261 3303 5
-157 -1294 5
-2175 3248 5
2656 93 5
-1248 -3699 5
-3186 2725 5
4787 678 5
-3929 1445 5
3543 4132 5
2915 938 5
4748 2077 5
4131 3833 5
1929 2171 5
-212 -4376 5
-1483 4142 5
-922 1135 5
2043 0 5
-2133 -3295 5
-1946 -4380 5
-1463 1724 5
2991 -2801 5
703 4978 5
-4657 3903 5
2421 -2619 5
3731 2440 5
1729 978 5
-3342 -1926 5
3612 858 5
3058 4185 5
1263 -1991 5
-3552 -275 5
-3060 -1529 5
-2824 -3466 5
-1524 317 5
4851 -796 5
-1845 -3756 5
2684 -1170 5
2213 656 5
-2106 -1953 5
3441 -4715 5
3328 -902 5
132 -2168 5
-4996 -3464 5
4317 -3092 5
-261 3198 5
4256 -4091 5
-4718 708 5
-2920 -1246 5
3476 -868 5
-4783 1783 5
2549 2795 5
-312 973 5
3725 -2917 5
-2989 2097 5
4181 -2410 5
3146 -1190 5
2837 -1430 5
-4459 1735 5
4081 -3242 5
-459 4968 5
-709 -2413 5
3507 -2497 5
-3526 3003 5
295 2547 5
1938 -2420 5
-4929 1327 5
-2356 825 5
-4405 -4081 5
-2064 -1271 5
-3848 -2068 5
-1849 2329 5
2971 580 5
-2109 -2114 5
1885 -4435 5
-4357 3335 5
-3245 -852 5
2132 3725 5
-3407 866 5
2601 -303 5
-1675 125 5
-1481 -4110 5
-2461 1653 5
4005 -1633 5
-1674 442 5
-612 -617 5
-4298 -3174 5
-3176 2781 5
4768 3712 5
-4678 -4243 5
1583 -4959 5
1578 1916 5
-3667 -2244 5
-2134 3436 5
3965 -1628 5
-1250 1271 5
-1371 -2120 5
-3198 -3841 5
143 4308 5
3122 1317 5
2449 -567 5
-1226 4449 5
1241 3753 5
-1982 2099 5
2638 2860 5
-4764 3789 5
-3531 2815 5
2639 -2684 5
848 4259 5
2489 3695 5
-721 706 5
343 3152 5
3362 4609 5
4991 1078 5
-3021 -2334 5
1998 897 5
-3445 2414 5
-2498 464 5
-1780 4153 5
-4527 -4229 5
-1200 1228 5
2438 322 5
3863 -1986 5
-2570 -3359 5
-703 4571 5
-3664 -1806 5
-287 -2771 5
-3773 2783 5
-4109 -4973 5
1483 -34 5
4845 -4123 5
-7 -845 5
991 4380 5
-4062 3246 5
-1676 3909 5
-3506 1636 5
-1583 4063 5
1288 -505 5
4299 1717 5
733 -2283 5
-887 -758 5
-4761 -4417 5
-4700 1340 5
812 3042 5
172 3742 5
-684 1726 5
2879 -1711 5
1656 -3679 5
4378 860 5
-228 966 5
3071 2387 5
691 952 5
4403 1877 5
-2318 2798 5
-2183 497 5
4743 -4484 5
4460 2644 5
-4821 -378 5
3227 -4178 5
-1998 -2556 5
3956 2948 5
-4652 2147 5
-1665 323 5
-1819 -924 5
-2236 -3267 5
1674 4109 5
4263 -4351 5
-1846 1743 5
-188 4744 5
-393 445 5
-1548 -4317 5
-3247 -4747 5
1561 2867 5
-338 1339 5
-4018 4552 5
4522 -3140 5
-3399 -4359 5
-4122 4758 5
1497 -350 5
-3063 -3294 5
-382 -4642 5
4981 -3429 5
-2742 154 5
4041 627 5
-1809 -3782 5
-274 657 5
-506 -1031 5
1705 -658 5
1103 475 5
4048 -125 5
-4727 491 5
-348 4819 5
1830 -2716 5
-303 2797 5
3717 1072 5
-1716 1763 5
-2365 745 5
-2102 1103 5
-641 191 5
1386 2454 5
-1893 2401 5
-3616 -2807 5
3896 -810 5
-4822 680 5
-563 -1787 5
3407 58 5
4853 -1966 5
1810 -3796 5
-4048 1546 5
-357 -182 5
231 -2433 5
465 -2821 5
1312 4821 5
4426 -4226 5
4750 -4119 5
-3835 -1111 5
-4569 -696 5
-1476 3928 5
-4872 -1886 5
-2157 295 5
2097 1662 5
2134 -92 5
4811 437 5
-1733 2718 5
3724 -4507 5
-4954 3344 5
978 -2192 5
4730 -4555 5
4157 231 5
119 1337 5
-339 -4342 5
2310 -2360 5
3387 2552 5
-2740 3632 5
-3477 -315 5
4751 -1202 5
2145 4479 5
-3346 794 5
-2690 3027 5
2971 3808 5
-1363 167 5
-2009 -2359 5
-4736 -3162 5
4177 3547 5
4803 -1392 5
1511 3960 5
2601 1027 5
-1548 -1071 5
3823 2387 5
4825 -401 5
-980 -4124 5
950 741 5
1313 4967 5
2596 -1519 5
-920 -2258 5
-4119 -1108 5
-2260 2745 5
3649 -454 5
-3460 -3534 5
-496 843 5
4965 3345 5
1728 -4722 5
-1690 -1052 5
2350 1936 5
3104 -731 5
-4492 -4008 5
-4695 -1882 5
3993 4783 5
4874 -1633 5
-669 -1104 5
-4722 -4340 5
-3154 -3280 5
537 -2511 5
1607 3924 5
2935 -4758 5
1140 -128 5
-1152 4337 5
-451 2882 5
-485 -1631 5
1716 -4782 5
448 3484 5
-366 -3345 5
2068 -1618 5
3450 2486 5
390 -3968 5
4105 2951 5
4177 515 5
613 -3344 5
-4594 2073 5
-1651 3509 5
3137 -2401 5
2831 1697 5
3799 -308 5
-3783 2662 5
-3736 -1791 5
221 -331 5
-1594 -423 5
-2611 -2390 5
-555 -1950 5
2717 -4041 5
3306 4224 5
2151 -1543 5
-641 4802 5
-3853 -1915 5
-619 2158 5
-4623 -4239 5
-1291 2386 5
875 -1374 5
-3806 2645 5
-3354 -4183 5
2503 4633 5
-3233 -2194 5
-250 4826 5
1369 2665 5
4436 2244 5
4380 -1026 5
3183 -3117 5
3458 -1833 5
598 1112 5
-1681 157 5
-666 3512 5
-1770 1996 5
3449 -4687 5
-2622 -3151 5
-1880 -742 5
-2442 4168 5
-4443 2731 5
-1258 1176 5
4737 4941 5
-3625 -1711 5
4821 1675 5
-1609 -1371 5
2301 3250 5
1559 -3691 5
3379 -96 5
1237 2823 5
2168 2555 5
-2985 -3591 5
-791 -656 5
9 -4880 5
-4360 2836 5
4866 -1710 5
-2718 -3186 5
-1592 3865 5
4381 4528 5
-4625 -850 5
-2607 1380 5
3182 2404 5
-2355 -1321 5
-3684 -4380 5
-1320 -1715 5
-754 65 5
-1656 3237 5
-2996 -3783 5
-2643 -2969 5
-2033 -4782 5
-4695 -3195 5
956 1739 5
4212 -3851 5
-4635 794 5
2745 1122 5
2576 3827 5
4905 -2215 5
-3926 -2300 5
1559 -4749 5
-1672 4979 5
3080 4211 5
4541 -4563 5
4606 1908 5
4662 -895 5
-2358 4136 5
1226 -4880 5
3689 919 5
4961 4100 5
-4121 1139 5
-4506 -555 5
402 -4864 5
-4608 134 5
-3153 4849 5
5767 5607 1
7996 -5842 1
4871 3847 1
7887 -2798 1
-3370 -5232 1
301 -814 1
-635 6412 1
6538 918 1
3938 4560 1
2681 383 1
-1100 7318 1
7114 -4757 1
7142 7064 1
8798 1842 1
-7270 8025 1
4496 9448 1
271 6233 1
5057 6765 1
3012 -9820 1
-7849 9139 1
4023 -7740 1
200 5027 1
-7713 -3718 1
1358 8393 1
-4385 1165 1
7049 3904 1
6258 2745 1
8166 -7979 1
-5730 2771 1
-2501 -8541 1
-8233 -3584 1
-1289 8302 1
-3510 753 1
-2037 -9157 1
-2899 -1460 1
-9559 9608 1
-5948 5537 1
-3055 -7406 1
8290 -1622 1
-69 781 1
1786 6394 1
-1696 9821 1
2745 4357 1
-921 7064 1
-249 9309 1
-1091 -6237 1
40 -1895 1
7082 2363 1
-1368 2752 1
-5032 9851 1
2333 1375 1
-9967 8268 1
7535 -4113 1
-2030 321 1
8411 -6525 1
-1986 5814 1
9214 983 1
-3495 4816 1
-9745 -2207 1
-6991 -8847 1
-3881 1380 1
-9420 9868 1
-6250 -87 1
4666 8325 1
-534 5871 1
3621 2122 1
-6827 -5619 1
1382 -9428 1
-2183 5202 1
-2943 -2957 1
-2255 -5512 1
5235 -6557 1
-1208 3251 1
-9768 -2878 1
3257 -6266 1
-2606 -2254 1
-2288 1853 1
-5974 4732 1
7531 -3524 1
-4862 -2219 1
3409 -4205 1
1681 -185 1
6736 -6872 1
2545 409 1
-628 1839 1
-180 3858 1
-5313 -2100 1
2393 4547 1
9484 1169 1
-6776 -7898 1
-961 -4479 1
-6636 -7380 1
4842 -7402 1
-907 -3362 1
-3423 -2945 1
8302 2852 1
-4232 4275 1
-9120 7045 1
-8169 -799 1
-2081 -6191 1
5412 3317 1
5610 9424 1
3923 -9245 1
-1157 7883 1
-2449 -8367 1
7181 1953 1
-2580 4188 1
-3063 5298 1
6394 8392 1
-7202 -7497 1
-3750 2649 1
5011 -9358 1
5227 -9769 1
3334 1508 1
-8408 -3989 1
9581 8680 1
-3949 -2063 1
-1464 298 1
-5376 4745 1
6106 -1634 1
5065 -2741 1
-1392 -9283 1
156 3877 1
9403 -395 1
4882 8874 1
-9973 6349 1
1871 -6859 1
-8870 6890 1
-4947 -9372 1
-8721 -5621 1
-5539 6953 1
-4260 6047 1
-1979 -814 1
-8201 -2676 1
-2967 -4683 1
9878 -6278 1
2503 -3770 1
-4573 186 1
-6844 4697 1
-6139 9212 1
9407 3540 1
-1857 -5075 1
-8446 -3566 1
5847 -2922 1
-8257 8553 1
-4491 -9765 1
4463 -5316 1
-820 -3003 1
-5847 5247 1
2715 1478 1
6722 5867 1
-8737 6968 1
1653 -6763 1
-6621 6268 1
-9710 3971 1
601 -6373 1
-4808 5523 1
1284 -4133 1
-7577 -3407 1
5440 8527 1
8780 124 1
-1624 9900 1
3109 903 1
-4718 3263 1
4210 -6513 1
1538 7956 1
-4712 -292 1
-331 6863 1
2707 8866 1
-9334 7343 1
7928 -3262 1
3272 -8605 1
-118 -663 1
-5051 8117 1
-7062 5871 1
5116 -5760 1
-6346 9281 1
6507 2913 1
4387 -5029 1
-4393 -2156 1
8301 -3135 1
-5839 6456 1
9505 -145 1
9532 -9169 1
-3607 9930 1
4661 2625 1
-6315 -2761 1
3232 1875 1
7074 1405 1
4468 3797 1
-7003 7852 1
2876 -3675 1
-8035 9768 1
-5319 5750 1
-103 8713 1
6167 -3911 1
723 -983 1
4027 -5438 1
857 -9969 1
-3363 5437 1
-4406 -8121 1
-3897 -799 1
893 -4299 1
-6502 9368 1
9026 2832 1
-5745 -8202 1
8193 2789 1
5635 -8732 1
5684 347 1
-7819 3621 1
9873 7964 1
-8604 -5860 1
-4993 -8121 1
9176 -8038 1
-2144 -2286 1
-1505 3875 1
-3602 -513 1
-2586 -319 1
-9346 -4338 1
6991 4794 1
9203 -6321 1
-5838 7071 1
-9225 -6949 1
-6886 -4917 1
-4910 476 1
-1361 3825 1
9015 -1799 1
7251 -8949 1
-8891 -6571 1
8138 8661 1
4924 -7395 1
-4666 9021 1
-6244 -9881 1
-8140 -1386 1
-9748 6308 1
-8809 8994 1
-2591 4300 1
9460 11 1
-320 -9232 1
-3029 1514 1
9829 9040 1
223 1711 1
-3467 -2616 1
-1 1694 1
6843 -4895 1
-5832 7924 1
3537 -3424 1
-8566 2987 1
2447 7858 1
-6056 7999 1
-4394 -4886 1
4015 4035 1
-4670 9363 1
891 -8499 1
6065 -7867 1
1160 -5945 1
-6771 -5227 1
3237 -4866 1
-2290 1994 1
6654 -7468 1
423 -6268 1
1404 -4831 1
3861 9251 1
-4780 -1342 1
-1405 -4185 1
828 5333 1
420 -780 1
-5106 1525 1
8963 -8419 1
6521 -7044 1
1208 -1035 1
-6311 7733 1
3679 5273 1
-4435 -5551 1
4658 -2457 1
2662 -3065 1
-8115 -9958 1
-7459 -837 1
-9641 6870 1
-4659 -7157 1
463 -7007 1
9568 2453 1
-7549 -2221 1
-8659 -6393 1
-1038 -4358 1
3354 9069 1
-7302 5606 1
1284 8290 1
7238 901 1
-4293 478 1
-1515 -2046 1
-1472 2426 1
3915 -4678 1
-3038 -8804 1
3838 -9128 1
-3480 -856 1
9735 -9776 1
6531 9747 1
8612 -4798 1
-8918 -5974 1
-3505 -4036 1
9652 -788 1
-3760 574 1
8942 -8063 1
-7697 5374 1
1553 -4116 1
1103 6989 1
-6741 9713 1
-8795 -8672 1
1797 7356 1
-6442 1422 1
791 -5530 1
-4706 -862 1
914 -8170 1
-6334 -1311 1
8047 -8253 1
1349 4232 1
2005 -3478 1
-5433 7346 1
-6360 3388 1
1435 -5703 1
5644 4079 1
4291 -1378 1
-6740 5123 1
-4763 -4175 1
8544 -1450 1
4959 -8096 1
4140 -2936 1
25 -8801 1
1826 -2829 1
5335 -6690 1
-5646 -7244 1
-7818 -4262 1
-8491 -293 1
8583 87 1
4715 -6808 1
9614 6972 1
9189 -7349 1
-588 3632 1
-3317 7119 1
9267 -4367 1
9881 -6815 1
7195 -6933 1
-9797 -4400 1
-932 155 1
6804 4136 1
-6115 2655 1
-4165 -6877 1
5450 7495 1
-9631 562 1
-888 -7652 1
5074 1537 1
-7676 -6571 1
-9195 5450 1
-6412 -4795 1
7086 6456 1
-2834 3679 1
2042 9029 1
195 460 1
-9128 -6909 1
4072 -9798 1
-3807 1743 1
-5339 9682 1
7528 -9473 1
9207 -4281 1
-9387 3341 1
-4581 9473 1
-7901 2881 1
7423 9212 1
5904 -2149 1
-2170 9227 1
-8139 3823 1
7790 -2012 1
6281 -8670 1
-1398 -4938 1
9412 6447 1
-5117 -965 1
-6536 -1900 1
9372 1361 1
-2890 3112 1
8656 -3696 1
4436 7417 1
-5642 4742 1
-5657 7617 1
5074 78 1
-7175 1370 1
-8908 -5211 1
1864 -9946 1
456 -9827 1
-9696 -3450 1
9362 -7523 1
-5479 324 1
-8065 -3032 1
-7514 -1343 1
4478 -4228 1
-5493 -3270 1
-709 -8717 1
8406 7834 1
-2396 -5444 1
4593 3369 1
-6858 2561 1
9444 7949 1
-5472 8370 1
-5390 -3077 1
-755 -713 1
352 849 1
8182 -3401 1
3349 -9890 1
5432 8966 1
-6624 2150 1
9128 2248 1
5449 1413 1
9946 17 1
2758 -4610 1
2958 8994 1
5129 -7663 1
-9529 -364 1
9530 8393 1
9475 7409 1
-2483 -1924 1
-1660 -7796 1
-3406 9405 1
7504 1920 1
-1932 6899 1
5090 -9977 1
-4550 8964 1
-8465 -7182 1
-2326 6478 1
3388 -8611 1
-479 -3365 1
-957 -4176 1
-3153 151 1
9194 -4680 1
7003 6924 1
8735 3898 1
-1126 -2746 1
-151 -7235 1
5704 7223 1
5364 8371 1
1865 -4955 1
9122 -4576 1
-2108 -2653 1
-323 3222 1
-9186 -4900 1
5440 -580 1
-4839 6955 1
7849 -1169 1
-5091 -4416 1
-7373 -6954 1
8445 -739 1
-3937 9981 1
424 9463 1
-2216 -7372 1
-9856 -4848 1
-1518 -6497 1
1460 1661 1
3030 5139 1
1425 6262 1
7342 3299 1
1508 8611 1
-8472 9893 1
-5547 -8290 1
8807 -1820 1
-807 -9486 1
3050 -1701 1
-4207 -6662 1
4745 4947 1
-4287 1594 1
4593 -5237 1
-9058 4239 1
-8620 6764 1
-6135 -1472 1
-1621 -7420 1
6623 7420 1
-259 3264 1
-1623 8069 1
-5187 -497 1
1460 4132 1
691 1273 1
-7417 -547 1
9495 -8893 1
4010 -4297 1
-9214 6128 1
-5353 7045 1
7496 3427 1
-5404 2111 1
2120 -6391 1
2669 1126 1
-866 -8887 1
8497 9439 1
-1742 3462 1
-4957 -3342 1
8239 -1315 1
7511 1165 1
2304 -9484 1
2173 -2259 1
-3793 -8031 1
-1946 -9742 1
-1017 2824 1
9680 5414 1
