1000
2136 9955 141
7046 -7009 417
7919 -4006 682
-8469 7209 468
-9927 -7095 462
5713 1169 975
-8181 -1752 83
6743 4766 992
-9882 7704 145
-5506 -8143 343
5766 -3022 563
4411 6761 559
775 -2033 752
-580 9394 926
-4240 9699 924
1171 8031 313
268 2198 239
6072 5218 358
-4695 6064 304
-5158 938 46
-7325 -3804 582
7495 -8606 899
-1437 -6242 599
4423 3772 48
7166 -7478 238
-3769 9007 826
483 -8769 216
-4945 -2384 853
-8757 4975 820
-7634 -9882 913
8898 7781 724
-2488 -8275 153
6057 9736 30
5817 -4919 209
1703 8775 583
7113 -9224 19
-3471 -1822 429
-599 8812 312
-9204 -3468 975
7503 -8009 419
-917 -6758 218
883 5374 632
6282 204 230
-1646 1850 690
7184 8588 330
-5318 7005 273
7173 -8960 402
-3536 4181 490
7145 4130 50
-5811 -6053 109
8757 2722 690
-5835 104 243
736 -7005 835
1195 3114 206
2013 6609 539
4539 4758 813
2219 -4638 167
-4726 2754 776
-5962 -6335 47
2635 1722 741
4333 -1595 548
1878 3683 684
-5019 -5913 210
2616 -7985 504
7912 -137 392
1632 -3030 974
-1855 5995 889
2829 7768 867
6988 8228 534
-1145 -9378 581
5227 7779 567
7537 -9622 828
4061 45 823
1399 -6494 737
9694 -2250 832
-2677 -3152 352
-5561 2527 337
-1937 3851 693
-3796 -1758 374
-3193 -802 280
-9423 5260 609
3261 3305 177
-3106 2324 618
9000 -1592 616
-6585 -6562 994
7047 -422 179
-858 -1434 813
-6221 -4816 839
-5070 -7618 391
-1064 8291 744
-7310 5039 888
2271 4764 108
2993 -6902 294
-6399 -5165 23
-7473 -3730 973
-6567 -4559 273
-3345 -941 731
-515 -6379 684
-8414 -221 79
6361 -8399 415
-1835 -2119 599
3323 -8930 790
-4767 7516 703
5497 -9072 747
7681 -2 110
5231 -5656 143
7275 4694 751
-4656 8809 656
9293 -287 172
-4023 4229 664
-5957 1534 210
-2896 -3542 904
6936 9818 209
-9888 7454 735
5257 8733 502
-9111 -2375 278
2756 2476 992
-7185 -1376 511
6146 -7173 673
-9062 4833 526
-9847 5902 320
-4816 6980 203
6750 1125 774
-661 -9311 293
-915 -9425 658
-2915 9757 831
7550 8593 36
804 -9906 460
-8160 7982 995
-6406 2055 577
8628 6978 843
8012 -1514 446
9207 5914 53
-2542 -4558 944
-3352 -7206 196
8431 9406 50
-4348 -7824 448
2229 -852 815
8449 5293 38
-3361 -4960 712
2279 -4696 19
-5422 692 202
-2326 -4551 326
250 -4668 608
8832 2546 312
-7128 6996 662
-1778 3610 577
-8709 215 393
-5628 -677 252
2198 -4693 331
-735 8354 92
1464 8918 203
5639 82 768
5870 -8038 901
3339 6591 664
9199 -6952 777
6496 9020 916
-1678 6240 319
2904 -7412 508
280 6895 969
-8706 -7589 147
-7241 8235 504
3565 3447 227
-5627 -3306 323
-2443 4399 837
4994 6200 800
-9819 -7243 110
3361 9799 617
-1964 5788 912
7989 3618 183
-229 -9352 929
5747 4542 1
-5872 -1123 225
-4377 2860 286
-9835 -6718 28
-7144 499 527
3010 -4869 759
-1299 1879 329
6680 -7117 52
-6639 3564 687
-1098 -7245 197
-3560 3008 98
6338 -9696 195
3953 9134 867
-4983 -1497 141
9812 9528 172
9276 9619 211
-6684 -9678 268
-3612 4365 670
-5836 1680 509
4013 -3762 529
6835 5442 367
2866 -7095 490
-9411 -7202 532
7522 -4314 674
-3242 8599 731
3121 -8769 80
-7287 5629 486
-7333 -560 889
7548 -8060 182
342 8849 313
-3104 -3310 512
5901 -9241 858
-6928 -1713 571
-1892 -9896 835
-1091 8286 539
-8512 -6025 531
7835 2293 627
7016 -6534 291
-2993 9580 692
2027 -7399 22
-7129 -4595 119
4926 -935 907
7761 -4674 409
6394 -8193 822
9313 -1290 454
-1947 -134 991
7447 9831 948
-3513 -3638 514
-1618 -5415 198
6352 5297 443
-996 -4221 192
-5253 2675 835
2623 -9570 44
239 6689 370
-1141 189 136
-6277 -5429 722
-4122 9580 386
-5498 -5123 873
-8029 -7893 784
-742 7535 772
-4435 4317 414
-1188 551 914
6542 -9674 221
4181 -8683 73
-7996 -9914 505
3538 3012 10
-3722 -1566 225
4160 5951 695
3748 357 586
-7745 -4856 60
8852 9416 415
-290 -6844 722
-9344 -2784 520
-2897 7800 965
-6790 -6166 113
2538 -6004 39
3507 -1010 627
-2984 8844 31
-911 3267 502
4478 3744 442
8957 2311 383
8254 7278 70
742 446 917
4297 -7536 607
5485 3740 267
3656 -4991 990
3391 -3201 189
-5397 -1560 774
-3653 3909 860
6738 -7024 7
775 8716 857
8031 -1190 391
-5755 -3888 35
1994 203 680
809 -4649 974
977 4476 788
129 3875 597
-5814 6453 467
558 5955 75
-6961 -7470 516
7101 6948 159
4104 -448 592
-7597 9577 462
5918 1555 355
6995 821 125
2771 -6509 4
2795 6878 386
-949 8007 553
9214 -4761 519
8528 -131 996
-8467 -2429 516
9399 1658 929
-141 -2140 984
-5027 -2429 546
2482 4343 981
6183 -7132 681
7774 -4676 289
-180 3227 706
-9864 -2534 323
-5703 -7036 313
-2023 1277 980
-462 6273 537
-1629 -6033 279
-5063 -6390 284
5168 -1653 567
-6555 -5663 767
-5468 7881 334
-6724 -9779 705
-9799 -3036 531
6004 -745 23
5991 9698 58
-1403 -6393 974
2522 -2056 226
7214 2418 670
-4884 4832 445
5336 6923 152
-3334 3637 801
-3923 9673 105
-8153 -2843 983
-4452 3038 340
4712 5599 134
7732 -2218 272
8579 -6296 896
3106 7439 279
748 8651 473
-9742 334 809
-4891 9587 973
4907 6713 837
-2610 5879 388
1733 -8249 813
1095 9022 470
3275 2763 557
4804 6613 313
-6520 -1043 583
-4176 -6234 936
-8000 4063 549
2779 1798 549
-5309 9128 114
-3713 -6494 265
-2026 -5922 791
-7135 -8384 421
-622 -1206 75
-8052 -9420 416
-3898 -1516 203
8811 -5236 998
2707 -1984 308
7741 4380 701
-8116 -4995 100
-1057 -3569 245
-1964 -8534 141
1435 -7529 628
-9357 -8345 138
-9833 9640 599
-4702 3814 825
-862 -3127 588
-1943 -6503 137
7721 7228 637
-6776 -5376 665
-1420 -10 11
6230 -6912 570
290 -307 666
-3506 1426 618
3510 -7688 495
-5431 -7817 170
5631 -6694 596
-1523 1997 747
5278 9397 879
732 3407 227
-7620 8361 111
9162 7322 893
-7536 4728 431
454 -3706 772
-8282 -8604 386
-1829 1887 342
-8709 -4097 608
3211 3427 53
-6898 -8834 487
-5953 1572 823
5029 -5755 353
8517 2217 370
197 2850 284
4465 1098 516
-56 6672 387
-7273 -3540 45
-6557 780 275
-8312 630 987
-5196 4513 14
9943 -4488 396
4059 5422 714
5058 -8619 199
1377 8493 912
-4457 6234 105
-455 -6107 315
-8712 -245 254
-90 41 88
-8655 -8732 111
3844 -6736 793
1015 -7523 185
-3087 1696 737
3926 6533 755
2654 4770 361
9807 -9622 654
5951 4562 462
-9023 1140 601
-589 9136 386
2811 7444 581
958 637 171
7509 4981 752
-2531 -6741 313
1502 8064 815
8191 805 276
9279 -3530 266
-686 8939 272
-9072 9624 359
9022 1377 237
-9823 -6047 861
2091 -7016 294
-6028 7398 794
8584 -9331 836
837 6635 258
-9869 -9750 526
-9284 -6006 446
8541 -8557 306
7428 7271 385
4545 9631 12
1026 5421 412
-4861 -4037 234
7619 220 200
-4306 1581 756
-8921 -1145 154
1843 1411 218
667 1834 939
-9414 5133 78
-218 -4343 641
9254 2320 243
-1780 -7595 153
-203 -5357 300
1263 3058 937
-3020 2773 767
-8293 -8099 823
-8747 -8443 553
790 2608 691
883 5378 415
-4633 -2485 562
-7866 3843 928
-3091 -7182 302
377 5847 505
1558 9751 497
-9420 -7577 797
1699 -4374 154
-9855 801 179
-498 5027 315
-3423 8804 344
9469 -2659 376
5236 -111 994
7357 8552 102
-3814 5455 149
-5717 3560 803
-4533 -4930 843
9654 8155 165
-7223 -6915 637
437 8490 52
-3455 3771 60
9858 9871 314
4544 -325 853
-3955 1628 92
-5136 -5316 757
3820 -1184 591
2703 5942 217
869 -2129 455
-6849 4582 664
-1086 2499 761
-4978 -2421 110
4853 -8940 505
-1128 2594 679
6064 -9101 924
-6228 7659 364
6226 3264 936
5810 -2480 115
-9917 -1930 32
5016 -3581 766
-2267 3488 949
4159 -2455 104
-4566 6515 315
-6147 8259 645
6533 5284 725
-4953 6039 99
1112 1314 233
1739 6334 650
6950 6488 732
4145 -3905 925
6235 -2730 319
565 -2633 263
12 5572 120
-7243 2112 228
9504 -3015 595
2683 -9150 762
8105 -4060 510
-1691 6190 850
-8445 -5970 813
-4231 -9302 936
-6242 -744 43
-3226 -1065 189
-1004 -8041 57
-4407 -1133 837
7370 -1484 178
1372 -751 922
8087 1167 632
9542 -8165 155
-9679 6012 819
-5057 6450 907
-4212 5314 511
-3502 -8225 793
-6174 5199 138
7459 -1001 872
-9615 1605 757
6228 -6886 244
-2247 4974 238
1586 6919 984
2905 8420 445
7721 -540 270
-7005 -8385 750
-7142 920 926
-3283 2246 215
-6584 -5351 342
6732 -1152 583
7294 -9152 866
1790 -9933 476
7826 6536 766
5201 -5515 413
4435 9780 208
-5532 -940 107
7550 391 488
1664 8859 330
-4129 3405 815
785 2291 684
1474 -4922 266
-6396 9209 508
-3275 -7646 572
-5114 6771 661
-9480 3646 857
-7350 7875 684
-8113 -2986 697
8041 3580 482
465 2852 805
6275 -8349 368
-8643 -8708 553
-7683 -5659 468
-5484 9441 381
-8458 -6706 694
-1056 7717 369
-8418 -9473 803
-240 -8525 807
8819 -1278 407
3256 -3702 389
-5011 -5193 348
-1733 -3201 994
-543 3376 297
8984 4931 246
3301 -9332 949
8815 -8639 753
-5834 -1322 334
-5399 -347 990
8907 2836 510
3942 -8874 878
8585 -9723 448
-3211 -4644 251
-4432 -5387 142
3936 6937 255
-9059 5244 623
1551 9569 676
8354 1915 243
4509 674 633
-7555 1106 618
-1909 6895 720
4038 5637 732
5106 5071 458
3834 -172 902
4537 5135 699
1158 7629 36
1583 -5729 714
9944 -7222 856
7915 -4076 315
-6822 6117 938
-2750 1653 755
411 5464 62
-6874 -6907 927
1011 6007 693
6700 6875 321
3869 1203 568
-3311 -7686 51
2600 -3189 204
-4206 8079 393
-3312 1210 621
-9299 770 88
-6963 -2399 677
569 -7383 231
-98 9184 234
-8562 -819 237
-7885 -4134 444
5431 -5361 434
-7673 -4197 795
3610 -3749 510
4322 -7310 213
8025 3015 989
5075 -1810 394
4071 -8578 707
-5766 -9406 518
-9312 1491 216
-4348 9008 714
-6067 -9461 364
-7805 3720 567
3635 4782 438
5544 4348 214
1462 -793 81
-8237 -5285 558
671 4500 604
-5136 9954 83
1317 5248 951
-7196 8281 70
1403 -3461 33
3282 8259 999
-168 2750 331
7950 6231 993
2434 1599 87
-146 2423 332
3589 147 958
6071 6874 826
-4423 6764 949
3141 -7370 133
-7239 -4778 998
7907 -5143 61
9277 199 475
-5089 -5797 324
-7697 -4178 825
-9039 2097 200
-6003 -8787 540
-2633 -6957 247
-2598 -7165 362
-9350 129 128
6183 7257 405
2814 1230 571
-2814 8541 784
5007 -3594 356
589 -4941 247
-7671 7921 979
6815 471 585
-1863 -5006 41
9498 5541 6
-2559 -1511 89
-5226 -7387 585
138 -8736 857
7374 9060 651
-6440 6928 915
9780 -6180 972
9303 1729 400
-9461 3302 388
9718 628 402
6859 6255 200
1851 -5816 709
2063 9742 54
7836 3822 59
-5374 5091 639
-264 7223 329
-8234 7566 829
6428 -4091 410
-8548 -5126 970
7841 -2513 843
7307 9066 536
-7752 -6147 920
1833 3420 571
-1057 -9761 60
-3617 9374 616
-5362 6863 857
-6164 -3905 913
-2494 -1212 895
2142 998 321
-2047 9261 865
2160 -1347 582
-2314 -1687 703
-8689 -687 451
-9461 -7358 358
294 -7235 259
1965 -3651 271
9452 9100 759
636 915 43
4119 4631 778
-172 -2389 355
-6554 8791 173
-2626 -6032 22
4902 -6041 449
5083 245 798
-991 -7588 840
-2101 8488 565
7067 -1709 873
-8438 7271 297
1793 4043 911
-2352 -2981 405
-4398 3463 661
7760 2479 169
-6907 -3936 41
4314 7622 512
-326 -8916 327
-576 4757 33
9572 3444 196
2342 1807 82
-5733 -4791 473
-2233 7956 678
411 1710 717
2919 54 445
4537 2100 191
6624 -9738 89
4646 -7539 69
7622 5246 991
6898 8046 976
681 -1808 918
6204 -9439 330
-8760 -5359 614
7466 -1350 96
9977 1269 442
-5661 -4408 840
-2242 9440 477
-4021 3614 45
6454 4172 428
-7219 -6821 465
3057 -6280 134
6268 2081 45
4846 4269 105
5994 6697 142
-4507 9505 607
6248 -369 346
5963 -9653 857
9889 -4032 749
3476 7399 945
3926 -4519 730
4782 669 266
-7925 6540 945
312 -2243 53
-410 -3294 620
9078 6099 900
-1086 -1792 154
780 9387 218
1524 -7251 79
-4403 -6194 308
762 2269 847
5867 2451 380
-8984 -9569 897
682 8119 808
-679 6398 891
-4112 2361 164
593 2562 51
5306 -750 630
-6141 6707 196
-461 -3063 624
-1649 80 263
1331 -170 806
-9792 -6266 321
-3957 -7309 207
-9985 6117 430
6941 7166 674
2397 5800 234
4492 -5022 51
3331 -6826 885
-2586 -3873 621
6211 -309 568
-2860 -3238 434
-9828 4174 506
-1890 -5885 51
3834 8624 987
-4278 1957 62
3395 -9975 458
-6901 674 830
-6460 -9844 605
7079 -9830 42
3120 5512 604
-7407 -1399 280
9842 -5224 536
3492 1425 415
6080 43 261
6589 2487 258
-4843 -2226 571
-6506 994 972
-1353 5452 703
1823 6013 55
2717 -845 782
-7137 1268 106
6759 -7936 847
9452 -342 571
-5510 522 31
-5615 6333 637
2839 3130 755
-4588 -2432 123
-3263 -1178 821
-9954 9053 805
-1708 -7119 224
-7692 -6298 23
2454 -7329 682
1387 5388 794
1482 2557 177
1577 1278 783
-2957 -5031 593
-8030 -7128 987
-9621 9209 838
6888 -3149 770
-2109 -4745 728
7187 9473 684
789 9133 320
-5302 -6331 567
-9716 1528 473
-986 -6792 723
-9499 7036 875
-5659 4800 347
597 7938 864
5804 -5443 901
-9089 8727 656
9939 2400 202
711 -2180 813
8794 2647 794
-5184 -9149 432
-5070 9013 38
-1250 8158 384
-8819 -540 687
8440 7236 682
-6864 -1512 709
-4247 -6154 184
4109 -2201 722
-1252 -2191 577
3177 -7693 241
2916 -5869 237
-5642 219 397
-6049 -7203 742
703 -6103 701
-8693 -3524 83
-3244 8618 905
3597 2766 75
7217 -3284 551
-6033 -2703 101
-7378 2636 426
2625 -3546 475
5937 5234 456
9446 7584 407
-495 -4101 982
-3472 4818 132
-1160 -8234 479
-9662 8443 8
-531 1782 642
-108 -4286 808
-468 213 453
-8001 8209 375
9065 4839 322
-2554 468 641
-9638 8231 914
8787 -1989 7
-4239 5291 85
-4697 -8810 861
-7692 9103 929
8927 1487 233
6915 -4038 6
8962 -524 475
-3688 5748 248
-9372 8789 837
3014 -9531 200
-1340 -4926 966
2854 7452 720
1096 2164 506
-3095 -26 206
9306 7322 929
2185 -4644 49
2809 2272 567
7990 2367 30
5560 4602 734
-6601 5660 124
-6073 -173 231
9447 1684 607
-3070 -9729 992
-2909 6173 604
5782 5393 735
-746 -1652 707
-5551 9065 551
-3167 -8956 531
123 -2601 422
-4976 288 945
7090 -5408 628
2016 -4534 305
9676 -9280 438
6462 -3884 600
-3153 -2368 482
-2487 -2717 675
2437 -4249 273
-6758 -1254 365
1202 -3375 373
1177 -8674 61
8427 9561 121
180 -8410 28
4319 -3319 680
7186 6746 896
4253 5708 754
-9355 -3933 911
-5270 4946 620
3776 7708 449
7868 2831 517
-2667 3873 792
-2437 -7406 688
7102 -8435 524
-2140 9017 490
1840 8617 419
-2751 -6583 701
6959 -649 217
-3356 1532 944
2560 532 777
-7441 237 170
1237 -2939 106
-6302 -9406 468
-1402 -5579 796
-5018 2197 938
2496 8633 662
-4374 -3343 479
4545 -8956 171
3569 -4563 217
7072 789 768
-2302 -8164 469
9272 -4926 51
6070 -1066 328
2265 -5011 669
-8832 5250 762
8988 1557 374
-2729 -2395 748
-4094 -1445 686
-7157 -345 736
6682 -6835 355
184 -631 581
-8509 -1624 767
-1335 1697 501
-271 8937 311
-7102 7267 108
-4875 -8239 21
6068 2243 590
7955 7270 192
2266 9610 884
1435 -6884 140
4184 -1845 1
4399 1189 235
-1543 -3765 804
5531 -1075 571
-9430 8567 632
8781 -257 742
-8014 -5392 120
5461 -4937 842
7638 6425 185
6511 7807 765
2862 -4445 882
-4153 -2994 224
-2592 -6469 276
-549 -7619 487
-2419 4816 339
666 -5256 233
-7147 -5651 128
9339 -2457 355
4164 -6091 543
-7323 -8557 142
690 -1506 416
8421 -6420 877
-1669 -8365 510
-871 -39 804
-7073 -1494 102
-6137 -8861 565
-1980 7336 111
9012 -7649 56
327 -2714 970
6645 1496 280
1958 -3747 38
9436 4631 125
5703 -4581 652
-1049 2240 833
3047 -7172 535
-2230 -5609 929
7256 2526 124
-3303 4756 914
425 6199 872
-9143 -1266 823
4695 2770 357
2444 -6297 711
1301 706 962
3642 -4655 825
-5254 1933 246
5500 -4147 725
-8336 -6030 599
1192 1531 266
-1838 -1020 335
-3774 9542 479
-9551 -4073 787
-9224 201 526
3888 -9687 316
-4743 -793 65
-4465 -3970 872
-7898 -7639 67
-4104 666 546
2277 8196 427
-2301 5765 786
2782 8622 297
6368 -3555 221
9407 -6757 351
218 2845 622
9471 973 68
-2987 -9644 500
6813 3582 86
-5332 2627 976
-3170 5096 865
-1381 -8820 727
