1000
1942 -3686 230
-6143 -6212 112
7753 -3753 891
-5482 -380 102
-4603 -8150 169
996 8522 144
-7001 4115 364
-3555 4073 480
-456 -235 281
-989 -6726 531
5694 1645 863
6120 6585 557
-5943 8253 111
-9189 2198 705
6341 -1170 700
6463 3995 701
-9648 496 548
-3740 -2495 604
6897 4819 611
-1282 -9648 803
1655 -3943 456
7145 -2391 948
4504 -3718 865
2235 -1686 706
-6548 -3765 495
-7614 -3335 194
5276 7714 607
-9034 -1237 535
3639 1807 608
3035 3550 515
-8887 -446 55
-3179 -3093 803
-3652 4071 99
7252 6172 26
6264 5390 539
9719 5302 853
9772 4734 657
-5251 4914 754
-2347 -7674 90
-1951 7902 600
-2067 4027 538
7603 -1302 63
-9110 8173 794
569 8909 605
-451 -1279 551
1953 4494 853
3113 2530 258
-90 -5512 372
9568 3958 799
-4754 -8910 861
-5471 9712 846
-4721 -3239 501
4369 -2363 83
492 -5657 548
-5603 4343 714
-1629 2234 516
-3492 -4472 475
2091 1294 201
-3412 -8551 230
8091 -9788 333
-4960 3000 884
1509 7618 684
8060 -9580 746
2280 4875 94
-8212 -9807 765
-4029 -467 393
7096 -9512 122
-5731 4290 605
-9961 366 672
-2664 -2987 626
-118 4812 436
6631 9637 927
8758 9079 473
8719 -8202 132
-4566 7894 707
4850 9113 87
1368 -9040 701
-7170 7197 819
5720 1971 151
-1485 -9190 915
-734 -7361 648
7169 1853 35
6439 -7796 584
-3776 4100 512
-1460 5566 917
1952 -7593 283
-1531 -7166 983
9392 -1517 841
2002 -5360 630
-4718 3309 63
1291 -9322 137
-8718 282 570
-9533 226 684
-2479 -8365 950
6675 -6733 629
7457 3536 822
-4900 -168 679
4357 5558 287
-4650 -7579 829
7946 -584 808
-3925 -2872 920
365 8500 166
2555 473 383
2190 -7992 440
9023 4858 947
4820 -1665 60
-6544 7780 110
-9459 -4414 631
2858 -4426 151
-6701 -6961 309
4817 9921 287
2448 8736 797
-9360 5156 651
509 -9660 54
-5216 -3554 890
1155 9590 679
-1705 -9343 450
-7978 -1636 391
-5772 5046 130
-7143 821 528
-4490 -550 978
7949 5504 577
8714 3593 946
-5849 4681 330
-1390 -8462 412
6676 8245 442
9929 9017 471
5476 -3341 725
-4268 3085 681
6636 -3860 255
-1620 -8200 617
-7501 -7344 519
-7431 -933 964
-8101 6995 771
3613 224 846
-8756 -157 568
-65 -3752 838
-6919 -7942 386
5174 1407 14
-7025 -5785 334
-2622 -4833 599
1947 9075 184
9305 -2362 14
647 -2863 969
2163 7568 317
-845 -1427 77
-247 -5768 220
289 9114 24
4670 3412 93
2800 493 451
6494 -6497 318
1602 7700 301
8600 1896 82
-2611 -9759 927
-8023 -4727 846
-6637 5434 260
7146 6190 617
4651 6395 949
-9195 627 707
-6740 -4902 962
519 -7711 275
-3520 -6827 421
-4470 -1206 842
-895 9850 467
2556 5335 493
-6799 6127 880
1813 -5587 779
4368 -5422 88
7382 -3592 751
-4883 -4773 512
-4210 -6129 854
2706 3394 711
9928 7412 973
-8622 504 939
-6995 940 621
1314 8348 608
3653 -5946 382
6954 1723 650
-8009 1135 341
6372 -1822 456
4280 -9883 703
-8023 9355 26
154 -2241 946
8472 2421 193
-5024 -7680 180
1830 5768 118
-7186 9891 979
167 -4160 117
-93 -4165 490
-7364 8219 512
-7011 -5400 156
9224 -3891 971
8863 8858 820
5896 -2644 972
-448 -5267 395
-7004 5014 300
-6326 -8444 532
5892 2577 528
4403 -7631 776
1799 4708 979
-7290 5677 235
-515 -7757 473
-7304 4017 591
8946 4884 288
-9777 -8862 581
-6714 3976 719
8484 -7640 787
-7042 5293 387
-6779 -6436 75
-817 -2616 143
-8741 8092 144
8255 -1170 53
-7759 -775 987
3904 -217 82
-2791 -946 858
-8310 -6077 974
7616 8237 644
-772 -9553 338
-2736 4003 580
8376 4452 116
-1990 -8079 45
-839 -3683 869
3392 -6772 907
-7228 -5379 111
-8579 4151 841
-2680 -2015 572
-4800 5706 238
4967 1368 342
-8647 -4522 196
1979 -69 596
6618 115 874
1405 -3403 324
-327 -1975 101
-249 -6095 314
265 4366 105
-7770 -8015 792
-5475 -4629 723
2025 -1829 703
-6082 3137 989
5964 -1183 684
-3418 3964 356
-659 -2389 273
7185 9270 647
6469 -2733 255
9473 -2800 338
8400 -2142 854
9853 2856 934
3924 947 892
6266 1967 468
1731 8020 206
-6362 2610 632
-9692 10 843
3291 -5025 268
-8007 7797 905
-1465 -5936 184
8020 5450 417
9439 -346 522
-6686 -5227 722
-475 7999 40
5522 9525 218
-4483 8036 158
-7673 -193 768
2871 3610 118
842 2771 763
-6696 -8136 274
-2075 -8449 307
-9962 -7736 990
-473 615 812
3395 9164 391
-7603 -8076 422
2184 640 951
3204 7054 232
157 -978 866
-3151 -3806 593
5110 6973 160
-3050 6163 950
3115 752 783
-2409 -987 781
5322 -8781 888
8979 3784 846
-98 -2734 724
818 -4290 884
2567 4612 84
-7462 3141 980
9338 -4439 650
3743 4020 668
-1678 5250 431
5720 1632 810
2758 -3280 893
-886 -8154 868
1340 2919 29
8319 7288 633
6842 4701 132
6461 -5281 31
-2983 -6577 631
9396 -4971 758
-64 5159 112
8603 6477 930
3002 4949 884
4554 3478 15
2196 -9471 224
-6078 -1664 807
3878 -4055 87
1163 8672 162
4152 -1957 510
-6273 5219 116
-1646 1393 428
-7524 646 662
-7317 -8976 892
-7408 6565 335
303 716 285
-1822 4609 872
-1976 8857 275
-9728 -5653 333
-4482 9570 120
9884 -5354 777
9040 -9759 181
9429 -6415 781
-6038 2851 367
-7680 2290 442
7907 -1939 541
-4399 9963 336
-8505 -9850 936
7996 8736 372
3263 -8574 899
447 7944 288
9084 -7638 190
5953 1722 601
6117 4724 968
-8858 -2200 506
-3065 7031 317
4825 -3429 624
3688 4021 633
-3380 -5475 772
-7387 -4126 724
2617 -5995 80
-8890 -9681 922
-4072 9127 187
8465 5055 380
9735 1692 269
-5483 -3809 639
5488 7755 648
6780 -8799 79
1443 126 226
-4320 -7096 337
9798 415 992
-9385 1462 677
5748 -5261 539
-5851 -1144 514
-2668 4828 67
8867 -1774 709
-4592 1033 812
-3464 -2446 733
4861 -6874 699
-409 -4796 632
-5852 -1179 638
1420 8465 308
-3900 3744 310
-9413 3661 54
7310 7834 931
-9900 7898 341
6888 4327 487
359 -459 97
9056 -6687 169
2097 4757 371
5719 6506 859
7507 9169 995
6746 -457 956
-1284 -7364 346
-4802 9096 529
3130 6206 757
-3539 -8371 314
8751 -5290 283
720 1867 714
4923 -8981 953
313 -8886 968
6035 5377 607
-2622 5233 772
-3345 7156 383
-4448 885 913
6357 -4636 839
561 9999 715
-7005 3368 856
-8890 -3281 977
-8095 3660 535
-6544 6220 362
7948 1886 613
-7538 -9373 895
5717 -4640 541
-7239 -4493 842
-7890 -7296 387
2973 2947 16
-6317 5852 326
7208 3312 300
8239 -6669 687
3645 -7831 455
8482 8581 980
9094 5279 899
-1707 444 73
3721 -8341 29
2199 -1280 820
304 -5092 175
445 2241 807
-1050 -6512 503
3296 8190 769
-6426 2298 804
7788 -1353 300
5599 -2003 194
-5930 79 93
-640 3044 361
-7296 5220 145
-1314 -1166 347
-3676 -7190 925
-8409 -1686 929
-5601 -9166 480
8326 8865 546
9030 1149 168
3038 -2665 577
-7921 1964 343
6140 -1327 567
9856 9841 519
5200 346 133
-3772 4480 879
-671 -8223 302
6721 -2279 221
-8844 8147 525
-8405 -8142 761
8577 -603 144
5300 3528 757
5308 -4086 315
-1427 -9248 44
6384 -9527 835
9316 204 330
8170 -1679 178
-848 1949 785
2301 -8206 807
-379 -2487 489
-8074 1453 73
6524 -9407 544
-8858 147 191
5023 -3025 761
-9994 4849 858
2637 -805 971
-8363 -8468 125
-8381 6920 816
8174 -4631 119
-1220 8883 905
8891 -1275 102
9664 3921 977
1519 3659 403
-5887 -2356 183
2897 -6004 171
-5762 -5806 738
8395 -8153 930
5269 -6414 87
2496 5257 608
-1033 -9215 146
-7616 -8402 973
6843 1434 325
-1741 1778 820
-485 -5501 783
1202 4342 221
3861 -8170 727
7452 -784 662
-7825 -933 846
-3464 -2104 384
-4017 -7883 690
5699 4326 660
460 9618 646
1528 1052 937
-3989 6953 206
-1189 3669 244
-8918 6398 827
-7122 4896 57
-8003 4584 731
-7782 9859 188
7232 619 942
3355 -4200 46
6413 -6418 896
-8254 -5342 18
-7298 -2600 744
8023 798 99
7919 6989 189
8218 1468 462
-8243 -9077 982
-3162 -4979 716
-3948 -6435 349
9961 -4366 165
3776 -2339 145
7850 3900 468
-5739 2811 971
-7460 -1929 326
9832 6956 22
-3462 -5573 621
-1757 -7752 837
-7140 4431 336
-9067 4779 12
6294 -8257 639
3026 -8879 294
9098 -3177 182
7715 7439 45
4725 -6699 467
359 -8519 527
9699 -802 330
8540 -8695 372
-3957 -7977 386
1253 -903 182
-3086 -4756 467
-2405 -280 932
-4259 -560 190
-7265 -1724 64
9038 5584 510
-7406 -7337 343
7014 -4072 923
9150 9858 232
-9270 62 558
-6852 -1554 259
7304 969 913
4601 9827 304
-3096 -9550 487
-4199 -9163 699
1998 -1198 264
-9511 -8856 105
-4615 9512 306
2143 147 817
3370 6787 176
7502 1495 987
-1319 -7542 580
2470 -7368 904
-3902 8281 55
-1826 -8743 834
-143 -8459 355
-6245 4140 965
-7294 2933 824
-5135 -9274 424
-8462 -7266 327
-941 2860 376
-3740 -3553 84
-6197 -6139 187
6754 -127 316
5189 -5523 625
-5267 -1554 324
-4420 8084 598
1585 4780 397
1054 8929 320
-5505 -7303 707
-9588 6701 449
1952 -6482 292
-8503 -1456 263
-2205 -24 874
-5978 -2453 200
7077 8499 24
4070 -5305 586
2971 -7525 912
-3667 6236 110
5199 2312 931
8625 -5256 777
-2849 5454 573
1590 843 915
3088 -3821 49
-6184 -318 722
3847 7797 145
7327 603 302
-8350 6413 439
3680 7155 696
4150 -6271 228
7089 5524 716
5772 -1608 83
8689 835 40
-4077 8238 915
-7148 -2334 745
-3105 3528 623
-7902 381 269
-2709 9394 752
9416 -8220 342
7265 -8312 739
6629 6964 853
-8453 -9135 552
7809 8700 286
1917 9329 582
4967 -8081 801
-5880 -5355 999
-1162 -7347 369
9794 5994 832
1367 1431 67
-5827 3895 918
-571 -3429 736
-892 5546 158
-961 -3088 880
-2745 2324 655
6001 928 916
4124 -4086 204
-676 8389 733
1987 1720 779
5747 6870 24
-7737 4817 943
9550 -2779 800
-5421 1091 716
9627 -1978 409
6335 4427 12
-7941 -7925 151
5848 7163 288
-6745 -3355 545
3988 -6095 215
9430 7683 198
-3366 -4803 368
5825 6270 328
7221 8072 451
-5463 -7305 913
1434 -3480 395
-889 -8784 356
2998 -3025 836
700 -2948 73
8219 2787 968
-4698 5169 232
-9591 4673 258
-8004 1207 195
-1124 -475 618
-7141 7872 831
7129 -4261 810
1386 -998 202
-114 -7242 882
896 -296 1
8928 -850 159
-3720 -2835 917
4281 -4723 642
9376 3066 443
-6633 7702 897
-7623 -1648 873
-1207 4684 538
-2466 -1556 260
-9239 9200 334
8808 -3534 924
8433 -6239 132
-3933 2150 644
-8334 4544 653
-1978 -4535 242
8019 513 462
5728 1793 569
-4362 -7829 242
6181 -7065 807
-338 -26 3
-3036 -8309 589
4478 3210 469
-7469 2887 310
-7185 -5417 219
-877 -2814 596
4965 -7529 331
9514 -8202 485
3895 2914 805
-2474 -712 278
-9551 4779 749
-399 -257 572
9645 130 305
-6226 -5779 507
-9088 3947 254
-5515 5592 662
-5135 8203 740
-9568 721 203
-8677 31 889
-7457 2929 406
-6763 330 829
4337 3079 69
7114 4160 297
3218 8849 165
-9357 -9786 91
3777 89 759
-9171 2899 32
9545 1299 502
2415 1696 664
-8465 -1728 373
-8707 -295 560
1998 1687 852
-7153 6177 668
-9384 -7421 230
-3309 -7387 648
3420 -2915 611
-1314 1828 648
-8030 -277 92
6476 -643 778
7607 -4261 302
-1442 5041 106
6807 -1696 243
5963 -7360 981
9332 -2906 899
7869 5046 940
-6957 8727 976
-7582 -4528 867
4934 -3799 79
-3485 9110 558
-6119 5769 321
-4891 -5846 685
8209 2468 657
9070 -7834 405
-7414 -5123 24
770 -3034 652
-3241 -9821 127
-5987 -8464 940
-4178 -9636 980
8164 -5300 76
4358 8770 90
-2103 1766 713
6899 -2461 150
2313 9648 763
4307 8230 923
3466 2848 21
7320 -825 252
2265 1585 967
-3716 9983 249
6306 -6603 496
8017 7198 676
-875 -5725 119
-534 2454 263
6522 -1657 740
4725 2399 816
-5526 7360 737
1625 9234 463
5800 -8541 91
-3932 5057 212
1179 -3137 544
-72 -1349 3
-6718 -1426 904
-2842 557 885
-7414 7502 40
-1445 -5062 811
758 -8961 379
-9624 -4478 244
-6666 -4204 765
9133 7057 65
3285 -2543 791
-4331 189 291
-7466 -2723 579
5485 6367 974
2964 1705 928
-9358 342 69
-7854 6868 131
-4123 -9191 337
1988 -3573 952
-7027 5419 104
-1618 -3435 157
-7231 -7484 38
-2991 -8010 249
-7285 6022 549
-7895 5177 287
12 9213 793
5263 7716 407
4793 4601 965
-7975 8467 378
-9674 3940 781
6587 -305 450
-8449 -6689 147
-3476 5174 866
-3779 4272 886
9916 1506 983
-5840 6250 978
-3904 5830 564
3401 -2493 358
7731 2681 229
6141 -6467 46
3344 1062 690
2813 -3172 522
475 -888 870
9704 6016 254
-838 -7313 652
-6824 -8876 916
8795 -1573 190
-8434 4543 475
8048 -5484 294
4041 -5001 569
-3760 -4472 152
5440 -6050 145
-2258 -7435 796
8821 7916 108
-7985 7805 160
-3048 430 240
8404 2661 789
2576 9793 885
-3051 -7249 684
2594 6663 4
-9186 -8731 220
9607 3096 490
-5769 -8969 20
3598 5478 862
-3562 -8884 4
6 -9898 471
5092 -4553 821
-6310 -5385 746
3997 7585 80
-4396 -3091 647
-8772 3716 602
-1125 -8713 272
-9500 5611 943
951 623 401
1946 4565 543
-7959 -4904 34
8076 7390 475
-5700 -9011 342
-5536 8639 647
1839 9366 987
-9349 7495 866
-5784 5091 598
2555 -4103 493
5662 6649 368
-8971 -1791 369
3174 -4461 764
-3070 8447 569
901 -6801 270
-5966 6562 659
-9345 3865 347
-1954 -9809 971
-7767 -2991 864
-6786 -1258 850
-2818 -1140 181
6275 -5007 905
7617 4338 979
2880 7893 64
5750 -2057 499
7941 -785 377
-617 2962 179
3150 9035 991
-2892 4224 237
-9896 7531 90
8538 8354 374
3073 6881 510
-8951 -1374 296
8166 1101 242
-7461 -869 647
-6426 2761 710
5357 3252 750
-8915 2209 762
-6232 -79 978
6441 -109 992
5677 8646 844
2915 -2379 459
-7871 -8104 55
-7861 3807 81
-3023 -7207 148
4088 5407 407
1455 7873 17
-4206 -4667 845
-5536 -202 577
-5834 6607 318
9806 5264 190
2737 -2430 251
-304 -1205 876
-6381 -3329 300
-5939 -2970 434
-9898 -4683 864
-2471 1362 815
-3647 5205 867
-1301 -1761 224
5835 -8762 472
-6668 8025 752
6586 -3273 280
-7503 -8101 617
-9877 6567 317
-6227 8796 745
6124 -1481 909
-2824 -3050 219
-2378 6794 313
4205 2997 291
1504 2572 604
3115 3307 826
-4084 2381 675
-6389 -5163 451
-2465 7459 998
7415 9237 281
-4237 9766 612
-4028 9991 472
-2908 -2411 2
5268 1529 923
1985 -8664 762
-9008 6003 416
-511 2635 746
9054 -3716 210
6240 5748 976
-9063 -5023 861
5631 -1330 497
-788 -628 646
-293 4165 812
-8938 -8748 652
1663 6333 669
-9428 1781 885
-7580 869 664
8518 4979 599
-8617 -509 803
8420 -5850 239
9578 -2139 931
-7893 6820 869
4808 -1633 916
-1832 -1720 507
-8453 8342 799
-2467 5475 391
5795 7324 766
-6173 -2589 714
5865 -1635 195
-9226 -6220 675
3361 5206 417
9630 1258 675
7414 2442 992
-8732 -5444 74
-1901 -8846 50
-5546 5799 13
507 -62 586
-4344 8208 73
-1958 3714 77
-2284 9506 527
5801 2142 668
-235 -7951 9
-2768 7109 8
7392 -8787 944
2246 -8784 950
4883 8539 169
3269 -1494 846
-2310 -7950 226
2564 -5713 86
7185 3440 672
-298 6776 689
8077 -9719 639
-8025 -5709 792
-1804 7973 47
8777 1800 951
8213 -6589 406
9125 1295 983
67 3501 144
-4858 9811 245
-4666 -9122 604
9996 -3747 85
-1931 -3981 1
-9658 883 989
-3427 5162 602
5735 7596 591
-7864 8814 646
1861 5668 930
1226 5005 515
4976 -6722 696
6976 -3243 26
-199 -605 12
-3804 343 474
5620 137 204
9544 -3918 932
8242 7774 953
1570 -3142 700
-8806 1167 515
-9056 6012 426
-4823 4160 907
3314 -9316 701
3865 2650 263
-5339 -9810 480
5214 9318 666
2363 -8301 495
6528 -2660 187
8236 -9888 790
-8392 -4663 647
6585 -2021 660
1616 7730 918
-3177 -1948 871
9274 3783 310
-2081 -485 124
6487 -3638 408
-2984 -2395 281
6797 -8381 983
272 -5740 933
8014 5278 772
-6175 -7862 190
5629 -2862 493
4513 -4926 456
8815 7592 516
4409 3962 392
-9952 803 317
-6519 5915 875
-9575 8897 543
3191 -450 886
-6280 4297 517
-4410 886 459
3840 -8293 492
2386 -179 670
-2713 1389 490
-8124 5089 956
-7809 4708 178
-1060 8803 83
-9479 -5318 429
-1243 -1279 16
6783 -7729 672
-3177 -1550 368
7959 5723 701
6880 7385 874
-7311 7027 959
-9165 -7548 302
-1766 -2155 801
4106 -7779 371
8984 -7424 82
4907 -4842 160
4552 -1178 943
1870 4007 304
-762 301 991
-9035 6416 509
3422 -6409 148
2329 -6062 663
-4042 7016 676
