1000
-7874 7742 265
-9073 5739 940
-9282 -7936 909
1294 -1058 462
-5293 3412 59
-6675 4016 651
-4277 -8585 498
8965 2616 390
-8023 -6847 78
8332 5827 560
8410 8187 242
7441 -6392 917
336 -8543 486
2821 -6930 90
-87 2442 432
7662 6777 455
4153 -8767 201
-780 5554 619
-6873 3747 877
-4851 3288 556
-4606 4077 962
6690 7292 94
-4747 6170 810
-8712 -1007 365
-4962 -857 408
1684 -6611 568
8274 7289 204
8123 8168 399
-2604 7750 749
8403 6601 811
7586 -7645 956
-5411 -1444 459
6548 -2961 326
7707 -2532 391
620 2229 973
-1358 -8459 536
2201 4910 696
-9174 7953 141
3712 -5426 615
-4183 5595 884
-1140 -2417 386
-5683 -2160 87
1064 -899 368
2780 -2879 176
-7360 -5334 996
-8955 -7738 847
-5290 7753 51
4501 6326 395
589 8013 581
2432 -3035 418
-9562 -3618 194
383 -3949 182
-1404 -209 978
5389 4211 648
4672 -7306 955
-2932 -5902 281
-5497 3937 660
-2046 -2972 484
3042 5790 342
3405 4439 502
-8583 -5687 667
3352 3072 887
-7324 9539 588
8474 -3991 670
7570 4156 772
-1452 -2501 900
3991 -866 860
3515 -7628 295
808 7929 366
-8876 -4467 134
1220 -7045 615
-8161 7919 74
-4754 -4528 627
-2931 8023 324
-52 380 265
-1124 1631 900
8180 -7406 956
828 -195 56
-3060 2979 906
-4722 6607 713
6982 -3102 694
9446 4276 520
-8621 -6825 718
-2872 2988 596
-5670 -1406 534
-8742 957 507
3561 2608 615
-2158 6874 478
-7518 469 349
-674 -2123 186
8289 -2503 231
-5346 -2204 776
4494 -4570 647
6286 -9099 110
4345 -1176 276
3374 2082 821
1261 -9029 966
-7388 1787 920
5530 -7675 687
9877 -6823 782
-8047 4761 7
7425 -2583 189
3782 -8111 830
-490 -7457 836
-3574 -4543 892
-7334 4557 164
6962 -3989 954
3309 5276 626
98 -5822 397
6387 3034 995
-5656 -4994 484
-3952 -9230 909
2009 -8700 230
-8484 -9489 859
-8114 -8184 969
-4329 8637 222
-8534 -6356 803
1324 792 595
-1339 -2575 661
7746 -4225 154
1986 -2408 83
168 1104 443
-5415 -389 230
584 -6805 463
3488 7677 39
1407 4002 436
-2972 -7778 283
4194 -4646 916
789 -7241 895
785 7493 924
7155 3018 342
-4223 2214 901
4297 6119 638
2230 6751 4
-6848 -6257 286
-1584 -2779 770
2567 6558 877
5376 -7841 261
-7030 -929 385
-3559 454 548
3506 9663 751
-5715 684 160
-8379 -2223 114
7394 5308 667
1718 -3813 567
5612 -8529 852
-9213 -5821 9
9744 4385 426
2111 -2964 427
3955 6126 132
-8803 4548 668
-6718 -8635 229
7689 -9876 374
7878 -5678 277
-9621 6515 623
6204 -4482 198
-2206 -3978 97
2095 -7219 153
7359 6232 91
-3472 312 750
-8392 -4891 627
3731 -1633 740
-2192 2645 295
-3191 -5306 521
4575 -3339 700
-6637 -4802 535
4252 4078 239
2556 -7614 433
7844 8004 963
-9038 -9302 529
82 8623 741
3904 -2286 531
9093 592 462
-6083 1929 821
796 -5250 863
-5564 3774 411
5528 -9647 241
5827 9823 988
-4536 9393 653
-59 -9798 683
3985 -4472 963
-9881 7546 332
8101 4622 180
-7286 1377 640
8719 -1567 618
5635 8177 771
-5120 5677 329
-1344 -6628 35
7658 6213 700
8834 6471 876
318 2183 256
6408 4509 597
1484 9100 386
5179 9830 52
-947 -2979 642
-287 -4226 352
-1251 842 882
118 -7678 981
8547 -2030 960
-8637 -630 814
-5911 6700 538
1094 -2740 108
7942 -4656 61
6040 -108 731
-6814 -6255 728
3551 -7833 742
2548 3425 561
-3913 1253 274
8277 -214 431
-7176 -9776 642
64 5478 233
-3222 -9069 733
5583 -6297 646
3889 -3007 8
1879 7000 639
-7967 9948 430
8385 -3122 592
6288 9906 52
-6589 -6605 703
5889 -3196 167
-7409 7791 716
8643 -1489 65
9014 806 404
-3175 -3256 986
-1765 5313 128
-2567 3966 882
-5776 -4152 582
1129 3810 306
-2884 -5434 229
-3014 -7265 819
-3477 2962 134
8036 -8493 859
-5201 478 884
9086 8475 962
7753 -8895 217
-1778 1037 66
-5636 982 448
-6998 -2251 286
-9000 -6458 400
-8304 5851 314
3289 266 915
-6431 -2961 316
-4052 9345 578
7675 3811 860
2399 -9558 585
-2744 -6177 412
-5862 -8654 520
8835 -9354 895
-5030 -6409 279
6566 3028 711
-8553 3728 382
-9795 2730 352
-3884 -9512 743
-2213 -5081 664
5292 -4641 863
-9779 -4606 424
4604 4691 770
-6286 7240 482
-3167 -1445 140
-2270 -5149 816
9593 7211 342
7911 6624 15
-1054 3507 550
-6711 2065 389
3200 -2874 800
5556 3598 582
-7856 -6389 619
6157 9130 824
906 -6369 10
144 -4592 121
-6414 5373 735
-48 1829 762
8989 3597 955
2774 9446 212
400 -807 496
9144 1222 387
-4257 -2878 358
6174 7659 800
-6194 432 222
7454 -402 885
-8366 -6948 531
-5941 4464 314
6476 -1417 512
-4821 -531 272
-4735 -4250 869
5142 3996 28
-2932 -1878 640
7193 4575 716
-271 -4706 514
7804 -4547 97
-5647 4581 395
1995 2696 241
-3172 -4560 679
656 390 99
9994 8595 585
136 -6972 350
-9189 8163 660
-8686 7667 189
-8391 -9969 185
5022 8367 384
-9488 -7370 959
6418 2652 1
-3693 -7084 943
-9772 -9958 265
-4957 -3494 815
159 9812 289
-1959 2382 24
-2918 9862 81
-7817 9308 651
5509 -6199 34
9130 7280 182
120 -2462 617
-1141 -7329 850
-817 7064 881
8395 9036 876
-5772 -2189 6
-6958 1079 490
-2403 -8953 234
4750 -1186 812
-1849 -9946 991
6518 -6296 256
8931 5224 214
-1480 -8970 939
3999 -6788 493
1007 9809 52
8387 9463 343
2534 3856 147
-3655 1159 533
-144 -7408 429
-8764 -6223 442
-7314 -8169 159
675 9294 20
5662 5152 351
-9319 9874 387
1600 5843 496
-6798 3803 914
1525 9827 587
-8317 5663 990
-3736 -6471 290
-4324 -5294 37
3418 -2384 321
-6948 2392 910
-4573 2751 999
-172 2508 206
-3917 5691 550
1474 8366 718
3903 -5393 270
3623 3906 38
-1478 -2996 460
-9865 -3945 972
-3944 -9607 580
3817 -7050 606
-3443 -6642 742
8268 -7872 17
-2279 2724 21
-3016 7775 307
-3083 -5134 124
-3805 -6966 209
8399 5337 93
-8850 -8786 447
-8985 3727 175
8082 -2809 770
5542 4367 518
4405 4250 629
-41 1155 651
-9003 -5589 28
-6708 6068 275
6177 72 385
-3327 -7935 711
-4548 -4691 156
3571 3412 920
4314 -6358 78
9976 -1281 319
606 -9075 147
8844 1963 805
-4083 4178 862
6569 -520 290
-9160 -316 799
-1646 -7728 291
-4314 -7294 153
8659 9741 599
-157 -7408 753
8370 -2232 478
2965 -4537 185
-8542 3374 99
5095 -6020 125
-3590 -8277 184
9175 -176 248
474 9430 938
-6379 8237 772
1669 4376 516
5234 7211 375
-5859 3502 305
-6358 6856 946
-9303 5056 462
4076 7601 12
4257 4568 508
-4836 -5521 333
-7399 -5007 512
-1660 2729 597
1903 1963 142
-7517 -6126 870
290 -9723 323
3020 -7701 251
1043 -612 400
-8185 3743 880
-1636 -9471 777
4171 9054 340
3396 -5494 690
4166 -3837 748
7633 6091 499
3207 1672 358
-2127 -2319 969
8021 321 64
-6148 6024 596
5577 8006 518
6151 -5333 504
365 5122 238
6698 -9505 62
-6422 -4957 20
9934 4744 813
-4566 -1486 237
4530 -4243 392
-874 -9550 925
4591 -5636 472
-5682 9353 198
4021 -6650 355
7479 4413 532
594 -3172 604
9936 2160 747
-7231 5786 24
-9134 9709 449
5243 9486 572
8230 6872 431
4196 3798 249
528 2052 824
802 -8033 976
2301 7206 1
-5281 -148 867
5248 2502 900
-6259 -1165 982
4374 3533 348
3135 -4093 321
5100 8809 766
6819 -1376 4
-303 -2883 741
-4346 -5513 648
6013 8534 614
2690 -6695 400
6270 -6742 325
-617 -3606 63
-5196 -7188 47
-8931 5877 1
184 9202 727
-9811 -7605 819
-4164 4775 188
2989 5369 679
5299 7414 206
-204 -6047 885
-8265 -2599 867
9149 3082 671
8900 5276 512
518 -7386 439
366 2583 467
-6474 4249 268
-6011 4850 288
-9722 -9553 974
371 2302 152
-6568 -506 941
1341 4547 444
9832 -9855 315
6060 -7119 840
-3193 -3134 803
4195 3016 448
-2795 4141 236
-3389 8227 931
196 -8369 24
-4631 7444 383
8661 -6705 444
4727 -1119 328
-644 -951 274
-8560 -6438 560
-9709 -9734 633
3482 -2489 191
2595 3080 51
1950 -9978 792
267 2043 591
-3824 8277 48
-5499 5075 650
-7069 9680 518
-7405 9953 365
-2749 8855 688
-130 -7165 161
-9110 8854 936
7974 -1420 418
2520 6834 922
9960 8329 282
5333 6000 11
-9600 6347 107
2596 6537 715
-1491 -50 463
-7984 7688 337
-8699 2017 509
2357 -9871 707
116 2864 21
-9559 -2939 390
2978 5542 119
-7525 3245 485
-1468 -3406 743
9251 1788 895
-3189 -9771 353
-5185 9776 302
3276 4314 536
7606 -3993 540
-719 -6469 360
-6937 9415 378
1859 -4828 793
5419 -9190 533
-8564 -5287 128
-833 3137 704
-9382 5201 264
-2018 -3148 443
7276 5539 128
9476 -2683 657
6822 9950 50
-2746 5354 577
-9859 6552 464
9640 100 917
-2170 4295 744
7648 -2532 691
-9595 -5585 708
9847 -1893 704
-1885 -8879 391
-7001 9642 648
-4863 -7609 366
-8812 -3957 849
-2876 5553 870
5714 -5055 268
4166 -3038 238
647 4919 734
7796 -6735 725
-5428 4234 30
-8014 -8828 892
6944 6023 55
-5391 -1794 973
-709 -8768 848
8249 9874 463
3733 2388 486
351 -2229 295
970 332 251
-9790 4114 974
-3901 4837 6
-4144 -4012 723
-9471 9176 293
-8976 -55 679
-5435 -8439 528
4169 7917 251
-2108 2717 449
693 -1734 623
-3429 -5810 125
4284 -3505 939
-1438 -6749 391
-9676 5231 294
-9750 3069 139
6449 -3865 454
1914 5017 113
3943 9704 526
-8139 5603 115
7201 -9982 697
-6925 -9159 513
-5756 1725 180
4587 9398 492
3231 7930 297
-2166 3712 319
-2662 3118 820
-3965 -3090 972
-6275 4456 103
2523 9263 540
9988 -4353 418
4454 -1993 69
7800 -1204 890
4322 6133 949
1254 402 961
3316 -7877 847
6413 -8202 967
674 -4312 6
1363 -2875 481
-8511 4339 314
5142 9460 123
-3369 2676 310
8273 5795 906
-7227 8532 222
9278 -312 847
-852 9657 1
8347 -2080 348
6238 -1042 24
-479 -3079 173
-964 -1763 652
6598 7306 106
-48 -2364 741
-5629 9709 963
-3454 1219 883
-6133 -6262 45
-5564 3515 448
9548 -5660 523
-7910 6076 721
-98 7435 580
-8282 -5683 174
578 -211 504
-7833 -7401 691
-9683 -4963 185
4863 -9861 452
7637 8410 139
-6702 9598 861
7818 6264 918
8991 1668 874
-7106 6254 322
6418 9855 920
4692 6690 750
1140 -1437 290
-1161 -6353 114
8373 1644 280
3884 7040 907
-1628 -2557 113
640 6061 299
2465 -595 848
3279 6555 790
-8273 1040 473
9193 -409 728
-5472 7590 955
7878 7857 710
929 2999 79
8496 -9720 962
-2071 -9912 128
5670 -9049 560
9965 5543 626
6671 -7326 625
1438 -4686 950
2615 7237 591
-9523 3330 48
-1524 541 991
-9110 5183 444
-6474 1373 483
-9966 -452 949
6462 3824 47
-3155 -5181 269
-7107 -1341 617
5943 -6171 666
6185 -1784 951
-5733 -6594 493
-7842 -9464 147
-8345 -1964 19
7691 990 769
3353 3416 845
-9605 -2289 705
-8080 2047 433
-1 1679 467
-1510 -8958 269
994 -7350 770
-1360 7884 296
-6881 -9615 506
-9502 7659 12
-9008 -8844 942
7015 4013 371
-6732 860 680
-799 4813 11
6819 9372 842
-7991 -4339 268
-720 8135 159
-8772 8570 311
5042 1650 552
9906 -626 351
7604 7032 475
-4881 -4408 762
7209 -4539 404
6143 -8943 976
-3959 -5503 212
-3508 -3091 546
-9240 -7037 176
-1245 470 492
-1070 -8091 254
501 5582 710
2458 1976 403
2102 -5991 603
5036 -4123 646
3623 2461 269
8614 8764 950
-3756 8888 283
-3258 3252 331
8778 3592 61
9282 8953 879
4772 -7272 436
8887 -2669 365
7520 6089 17
-1869 -4901 333
-4700 -7587 360
5816 2739 717
-6276 -873 392
457 7588 289
4123 9413 183
5919 -616 912
5364 -4242 69
705 -9802 11
-6250 2 251
4910 -5381 914
2589 -2926 590
-2857 -7689 321
4097 1356 788
4301 7242 835
-3036 -7347 832
4341 1708 124
9858 9191 213
9766 7519 663
8752 1902 820
881 813 398
-5364 8053 230
-7087 -8242 512
-8432 -8518 232
1954 -1666 230
5299 1699 286
-8463 8713 408
-7155 -7727 346
6382 2951 124
8352 4311 335
-4354 -2413 204
-7098 -6558 931
-9392 -7653 978
4459 -113 731
-9159 -1581 82
-8762 970 441
-922 -1101 565
719 -6000 106
3753 -4315 680
2252 8006 126
-9752 3162 102
8337 -5189 902
6530 -3700 700
3681 3173 923
-4262 363 356
2793 -5693 565
476 -9779 635
4992 9256 902
-1879 -8246 315
-1293 -6127 6
-159 -5003 228
3440 -2805 382
989 5685 645
7488 -6949 276
1031 -9462 498
365 6601 787
5836 -924 979
4069 2108 351
9012 2276 512
-6010 -2835 812
6619 7794 973
3010 2280 675
5942 2550 153
1852 4970 304
-6094 5578 902
-2302 -2725 158
1430 8372 466
-7466 -3916 912
7073 -1160 276
-6016 3432 800
-8772 2470 835
-533 3311 463
-8008 -6228 792
-6657 1306 781
-9598 -1675 306
7937 7580 127
-9803 -8378 588
2085 510 161
8555 -7445 910
446 2688 855
5993 -390 691
-9560 6966 415
3107 -904 306
9424 -4305 192
-5129 1659 163
-4417 6304 8
113 -4211 631
5128 7414 700
-5173 972 542
-7881 3927 937
8788 -1473 23
3395 -4881 523
-2947 1418 481
3633 5719 610
6961 -1785 844
-8718 -7916 232
-3082 -7837 880
3656 -9770 359
7591 -1424 468
-4912 -1620 33
-7452 -3926 398
7138 -5856 737
-5071 -8950 238
-1748 -5231 61
5313 9341 136
-1431 8218 981
-4939 -894 790
8556 -1574 360
2981 7056 241
-2409 -4232 651
-6089 -1212 300
-4735 526 142
6282 -7741 636
3544 -183 681
-30 8418 393
-5017 3255 936
1156 -3537 560
2588 5452 411
-2482 6085 847
6466 -7084 191
-207 2736 109
6275 -9587 758
-3746 8550 670
-2324 -6600 32
8854 -1344 208
9711 5419 766
-7306 7482 58
-6118 -1136 139
1561 -5275 235
-4931 -8475 22
-1819 -6529 557
2696 -4833 861
2903 -3916 505
-6834 6618 730
-5258 3800 307
7242 2407 626
-9804 -931 692
-249 -5691 337
8840 4862 984
3105 6110 403
-7020 -4049 202
4851 -8141 608
-5393 584 418
-5158 -2354 350
3896 6755 819
8782 -2948 668
8843 -4100 639
4454 -8605 723
8750 -801 462
-4294 -8072 717
-7677 4155 203
5607 406 352
1575 -4111 931
-7753 1240 658
-3177 2687 512
-4843 9466 400
6196 4159 674
3525 3231 80
-4825 -5487 520
8199 6450 571
167 -7122 9
4071 8241 141
4090 -4998 813
-6121 -1869 55
-6712 -2838 851
6592 4659 300
-6148 -5511 820
628 1631 626
9789 2644 180
-3171 -846 867
-3777 -3202 494
931 -3775 276
-5595 -5213 208
5170 -3760 882
2926 1387 921
-7030 -6727 579
8413 -267 619
4971 5431 658
-5560 -6744 134
-4765 -1923 145
-5725 7038 556
1603 2776 592
4019 6167 226
9395 7364 387
3080 -4996 697
-64 -8475 936
-8508 -9402 856
5037 -2208 363
-9877 -5069 709
-3576 -2687 36
-6795 -6512 958
-1286 8390 119
3262 7932 896
6771 -7025 729
-3559 9948 307
3034 -9600 63
-1226 3432 828
-8973 -8817 436
7715 1227 510
-7568 9855 835
2543 3444 523
-3022 2917 16
6662 -6291 780
-6684 -7086 107
-7753 5985 912
9621 -1525 295
8834 6929 516
8374 -6887 773
5433 4551 68
-9640 -7029 992
-1842 9778 385
-8448 -5171 903
8813 4177 877
-9267 8524 210
4612 -7766 45
-5956 8725 232
6402 1563 213
-2037 6088 47
1329 8394 234
1579 -7824 640
-8178 7749 345
173 4294 550
-6001 8088 954
7738 -7982 53
-7504 7902 290
5631 -4051 997
2763 2050 511
8568 -1954 899
3292 555 702
-680 6868 96
-8041 753 911
5152 6351 255
848 1727 115
-779 4802 724
-819 282 969
-7165 -8121 1000
-6534 9993 296
-5566 -647 817
-3845 -2940 658
2558 -215 760
-6561 1752 584
9511 -9874 44
2072 -1815 144
-5663 -761 622
-9204 -152 894
-6426 3176 441
-3794 1859 947
-9657 -4801 472
9350 -4180 974
5613 7943 186
9206 -9175 983
-6942 4498 24
9872 1846 330
7114 -4456 148
-6756 -4388 567
-9333 3696 984
-1128 498 389
8779 -1540 209
3758 6239 418
6578 6226 451
3230 -876 554
4847 2137 157
-3503 3412 277
-8941 3504 582
3545 -3904 553
6528 6159 563
6591 -4738 863
-5960 -4553 809
-5695 -4405 654
-5225 -9020 998
-9573 6757 882
-3233 7236 345
-152 -4783 267
133 -4526 795
1406 -9723 682
-222 -8806 519
-5999 -4553 174
-2379 -478 94
-806 4930 261
-612 -7140 641
2881 9595 74
-3375 -455 201
-1089 -1243 975
8670 7118 832
-6325 -7916 387
7904 -6879 725
1485 5499 326
-9684 -128 818
6103 5077 328
3916 4039 808
-7336 1530 889
-5795 5969 652
-3070 6981 231
-2704 667 938
994 3068 50
-6181 2271 656
-3869 8569 237
7552 4432 361
-7483 -487 6
2469 1835 395
-1290 2673 384
-3384 -6823 302
-1030 9720 207
-1629 -7537 109
2929 -9943 424
-8222 4744 119
