468
-2534 -7230 867
-9872 56 899
-8384 1085 617
-9183 -2420 704
-960 4502 158
-5240 -7781 507
8477 1809 775
-2327 4922 102
-4177 3485 726
-1565 -8246 267
-5802 -4377 810
-6011 7728 880
-8905 -2424 492
-9531 -1506 907
-7759 1937 122
1574 7906 204
-9835 -8330 540
-9651 -8304 497
8419 -1598 399
2774 -8132 580
-6549 2178 959
-8917 1101 607
-7014 -4634 995
9960 -7574 706
9019 -5265 612
-9140 -2681 675
1805 5493 87
-3056 7281 585
-974 -1957 987
1489 -9633 800
-3426 -1329 214
-1120 -3506 89
2590 -7939 785
-9493 5615 808
-53 4189 249
4753 -1500 231
9282 -1982 373
7198 -2613 668
-6579 6866 259
-8990 9506 173
8931 9724 607
-9763 -8782 209
-2223 2231 967
-2910 -7187 562
-7254 -8269 556
3920 -8688 452
4077 5284 384
7744 -6619 716
5434 7605 495
-8016 -9031 529
-6534 2594 85
5603 -5552 14
-6483 -866 560
-2234 -6539 483
8929 709 942
-9425 9864 889
887 470 538
8191 -8689 643
843 -3994 725
4414 -7936 700
-929 -196 637
-8941 2058 374
7575 -5378 824
4592 2500 876
-9280 1939 614
3561 -1867 69
-6219 2162 182
-8703 -2904 471
711 -9481 776
-3324 5657 9
9081 1805 977
9727 6656 107
-3025 -5374 780
-6157 -5577 111
-7599 8763 977
-2552 4821 468
440 -2610 635
-5277 -4873 518
-6053 -1215 944
-9556 -7935 800
-8844 -4976 852
2105 -5586 59
-4497 -3997 801
9512 5726 902
8614 7532 920
9351 -8112 318
-5057 2084 492
-3061 6742 400
-5822 -4472 462
2209 1369 440
-6274 -1957 326
-6589 878 189
4232 3175 138
2508 -3243 448
2131 5232 884
4671 -5776 542
-3293 -9618 553
-588 7339 324
6672 283 100
4339 -4307 534
-8572 -9784 921
-9160 -7018 164
-8079 6482 996
2984 -2091 889
124 -7304 691
-2820 -4602 321
-2299 -6352 613
7369 1416 10
3684 -9598 479
7315 3543 909
5093 -4544 144
-971 3596 233
-3379 4963 348
2018 908 929
-9476 -6272 779
3382 -8069 135
-5784 863 903
-5669 -5944 686
-1538 6934 999
8724 4314 497
-8782 6163 399
-728 2643 965
1120 8358 965
-8303 -2907 889
5348 9383 187
623 8658 540
3408 9499 174
-8871 7078 582
-5993 6647 284
-7405 -4047 37
-1884 5592 455
9293 -9162 174
-7124 1489 200
3345 464 581
6900 5797 923
-6959 -2415 961
-2064 -4289 482
-6383 6967 637
-8109 9286 521
-4926 2253 950
-3063 -9722 198
-8827 572 312
7032 -5876 16
-707 -7533 311
-5490 -6437 637
8725 -2598 639
-3538 8301 553
-9415 4837 210
-9063 -9613 841
4197 -2839 558
4109 -8491 706
4176 8847 60
1449 165 847
-2718 3249 898
-3025 308 894
-9318 9481 313
-854 -4247 798
653 4955 104
7608 6417 681
-5545 -4808 453
-8699 9072 408
9068 -6342 649
5976 2890 424
-9618 -1290 391
8900 9472 957
9604 -6622 30
-4159 -9842 119
1544 -5982 611
-2387 -4519 970
-6275 7648 527
3259 -7120 745
7792 -6038 473
3066 -506 753
2886 -3720 682
5462 -732 591
2693 -463 89
-1846 5560 724
-8516 -439 588
659 -7005 647
3947 714 940
1553 -9754 285
4041 -8404 966
3981 5300 170
-9865 7461 511
-1159 366 769
-2550 5455 162
9606 3918 319
-458 7628 326
3981 8185 961
-4886 5895 609
6172 -8610 413
-969 6291 453
-9160 -5816 832
7658 1476 80
5463 7324 288
-363 -4186 54
4678 -6821 88
8188 -8073 760
6301 -4985 373
-5541 4162 974
4880 -139 538
-1840 4288 270
-5092 3927 255
9767 4544 184
-9574 1962 135
-1 2004 809
-2239 921 815
-7307 -3281 809
-2838 8608 84
-8301 -2736 465
-2648 -5590 448
7882 8753 627
-4868 1650 158
-8744 5900 268
-6786 6397 123
-5270 -6966 893
3632 -6381 72
8138 -7431 715
3802 1763 479
-1686 -4377 647
-6987 -463 261
-2645 7817 568
2907 2947 2
5661 7500 747
447 6915 945
-4465 -6718 338
-9637 -5297 83
-9827 -2004 7
-386 7012 714
-8957 4559 191
6117 2877 545
-1280 9610 210
7972 -5904 95
-5685 -9256 831
-6303 1463 275
-2831 5718 550
-4657 4900 144
-9184 3897 853
5304 3945 931
8525 1344 178
1586 -1460 709
-3023 -8549 194
-7152 4654 689
658 -3644 729
-1050 -113 197
9940 -1149 472
-5844 -1041 471
-1498 4881 335
2458 3404 136
6459 -8599 258
6624 -7617 276
-1744 8915 969
-5645 2817 830
280 -3709 153
-8604 -9108 48
4482 1822 68
8731 9716 415
-2756 7510 666
4903 -6351 729
-1152 -8892 49
-4714 -5313 269
8232 -2053 208
-7904 -8885 406
-1591 -8416 517
-3111 -9619 474
-6850 -6393 753
-1428 -2861 555
4677 2544 950
4312 -3177 954
-9687 -6240 122
-2368 -2926 390
2656 -3044 483
3544 8525 958
-2630 -2299 992
6796 7550 115
-4210 -1511 310
-728 8881 388
118 -3527 589
907 -6365 60
5047 6613 339
-6010 -7973 624
1573 8709 678
1467 1886 910
8409 -6645 123
-7436 -9748 852
9263 14 761
3246 3122 393
9145 -3850 101
-8944 5760 781
7056 5989 227
-2734 -4390 865
-9962 -3898 654
2742 -9942 113
-6626 -5614 512
-9386 6551 466
3044 -2763 849
-7921 7334 247
284 1251 673
849 4395 51
693 13 620
-7863 4151 82
-9069 -8962 979
-6760 3685 56
2108 -5649 600
4770 3534 541
4351 -9959 55
-5259 -960 764
-9474 -5885 525
-3506 -8353 284
-9479 -9710 840
-3686 4317 247
4791 7661 18
2053 8166 770
-7573 4607 755
-6798 3157 624
-6010 6404 857
-8509 -568 589
-9839 349 938
-3348 -102 938
7476 9051 91
9997 -3370 360
-6304 6129 589
-832 -93 514
1653 -6968 720
-4753 -9589 958
-8040 6033 768
-1432 2186 242
-5682 7670 750
5363 -841 36
5469 9186 318
2510 -7049 962
4198 -8736 701
3519 -1281 586
8637 3638 474
9365 2766 777
1115 5135 774
-13 -703 199
3053 4542 411
-8674 4112 648
2950 -6949 886
4566 6006 148
-4572 661 6
9466 -6513 152
5902 -5283 575
3027 -5939 50
4065 7503 809
-7934 -3312 453
-9343 7681 829
9384 8303 838
-4048 3042 874
-9839 -8532 987
-8176 8162 380
-5115 -2476 883
2954 -7512 822
-3070 6509 502
7231 982 354
9822 9623 548
450 2062 676
-4573 8610 421
9937 1470 918
8429 -4498 35
1607 1486 337
-2927 -4523 93
-823 448 438
6903 -1279 754
5091 124 466
-5315 3722 868
9420 6032 969
1673 -959 982
3434 -8583 855
1903 7115 407
2638 1938 615
7634 -2108 674
8798 -8229 857
3816 -1195 39
-114 -6693 195
98 2537 932
2611 5352 546
-9492 -3409 119
2108 -3918 611
-3262 -9100 228
8659 -1005 664
797 -766 683
8113 2632 789
-3015 -4469 11
681 -8748 269
-754 -2538 208
-1596 8371 563
3245 9980 641
9029 3907 810
2161 9985 550
-3266 3095 94
-1504 8841 146
-1826 -3930 618
7085 -3580 569
-9382 -5223 420
2795 7576 888
179 -4787 823
6925 5850 668
2616 -2129 572
-2645 4087 879
-3947 4710 102
-8233 -6221 291
-1321 -2224 906
-8919 7322 241
-3973 -647 446
1410 -9350 595
-9159 -6750 282
243 4580 34
-9395 -1757 230
4323 6265 905
9735 9241 240
1336 -7399 545
4004 2654 982
-2487 -1516 902
5973 -6290 396
5492 -8808 816
7894 2958 119
1042 -6920 889
-5000 -8982 451
-5252 7255 179
-7610 -2526 441
802 9238 399
7500 -7376 482
7805 6711 642
-8242 9978 360
3290 -8012 99
-1714 5809 756
-2271 -4888 576
-1118 -5023 127
-8895 -8238 778
9105 6051 671
-1065 -4481 479
-1962 6611 962
-1944 -4480 730
8443 9398 980
5887 6590 472
3876 -5712 996
-5296 5315 787
7564 -2613 487
-9667 7540 579
-7172 -3191 387
-498 -3899 266
453 5097 471
-1092 -2341 939
5215 3825 59
5240 -1330 695
-613 -8368 547
4542 -6602 614
-4610 -9778 48
-2195 -5046 178
-3417 5690 514
1466 8065 239
7871 3552 721
8397 -6817 402
765 610 987
-5275 -4586 778
5868 -3567 54
-47 1239 858
1472 875 781
3266 2530 18
4142 -1210 543
821 5625 164
7495 -7170 821
6907 -9291 551
6435 -3681 154
8831 -5589 994
-3174 8882 557
