86
-5352 2203 12
-5424 -2635 106
8870 379 364
-2712 -7797 603
3351 4933 863
7287 -2543 231
-8168 3881 644
-7783 4400 887
-9413 2552 779
4787 -4535 377
-8308 -5584 580
7892 -3176 665
8733 4274 215
-3360 8670 16
-147 -2703 177
1226 -3727 275
6520 4040 888
-9912 6115 473
62 8395 524
7983 5855 71
7363 -3816 539
182 2571 66
462 3331 285
5770 281 454
-6245 -6725 356
-410 8654 691
-6763 -5250 919
-9373 8637 805
7234 -6249 846
-264 -1241 270
-3210 3750 279
9348 5626 885
3466 4621 252
-7285 -8080 632
8101 -2714 542
-4695 3079 900
4326 -377 909
-1129 8992 818
4473 3367 399
-2293 -3245 680
7458 -5752 490
-4155 -4018 204
7260 -924 800
-6606 4974 566
8816 -1614 307
-8609 5844 773
-9664 228 695
-2917 -7709 372
1784 -376 629
-9964 -664 395
8045 6278 891
-905 4648 664
7746 -2373 700
-235 -1632 271
-8363 -3622 564
8975 -6492 887
5756 4861 478
-389 1740 768
7779 -9792 891
6087 7547 308
-3789 6960 858
-1745 -1569 275
-6872 -6659 310
-6229 1980 761
604 -4261 230
-800 -6683 415
-6823 4200 753
-8076 -6823 327
-5829 8099 469
-9575 -2952 657
8240 -3134 917
-6455 -5072 712
1932 -2195 133
555 -5367 893
9410 3185 619
-7892 -8193 421
-2403 3928 936
-718 4224 979
-5616 -9153 126
5427 1197 710
9459 -7468 595
-30 -696 500
981 5553 515
6401 -2970 907
1565 3846 505
3926 -957 699
