825
-9765 -664 323
-8494 -8859 741
-9279 3189 59
-6668 -1064 723
4127 -1481 509
2637 -9025 416
-324 -9772 517
106 4094 127
6362 2895 343
-9397 6636 647
9898 9506 254
2437 -202 783
-1576 1169 54
8495 -8931 474
6243 -5646 284
3076 -8265 501
9732 -4610 728
207 -1647 495
9652 -7361 578
-2903 -7289 317
7777 -759 448
9123 -9267 581
8260 9909 315
-3842 4620 464
-8897 -7177 869
1182 7444 803
-3915 -1809 404
-400 -4840 369
-5027 -2968 661
-773 -8866 604
8534 8921 804
7385 -6375 810
-2894 -3880 400
8603 4189 690
-3655 4260 212
-1007 6165 987
1680 1073 428
-7631 2585 619
-8931 -3138 312
7945 5922 289
-3913 -2996 120
-5100 -4662 187
3273 -8844 791
4809 -5072 356
2353 9155 122
5337 -4278 772
4569 -2705 177
-3100 3544 631
-5871 -4918 384
-9742 1399 871
-8259 -8667 736
4187 7237 481
9279 6964 300
-2805 -9027 526
2683 1183 558
8366 7895 294
-9318 -7701 955
-4995 9341 632
-9893 -336 199
-3426 -2932 197
-9800 -8956 956
-2006 360 101
-370 5557 898
-5049 9549 740
-3992 -7481 245
-5675 -7344 612
7561 -202 772
7490 9750 522
2600 3593 914
2994 4939 569
5995 6568 117
8572 -2068 646
6147 -8730 627
3297 1313 522
3621 -1306 526
6859 5507 635
9151 3307 741
1965 1608 758
7157 181 46
-2102 -3562 840
4861 3732 814
638 -424 35
-1793 5513 174
334 -4280 234
-4986 -5081 725
-5023 8335 45
9590 6510 902
-4713 -9990 771
648 -6608 889
-3925 -6746 788
4431 -6752 294
1882 2985 838
-6391 8821 311
-6734 4061 584
657 1013 691
1771 -2135 348
-7030 -7972 332
-8171 6166 50
2273 220 850
3370 -1395 214
2396 -7628 233
7588 7016 943
8512 1065 93
4365 7406 84
-1453 6624 230
-4226 -4433 876
-9283 -7004 306
-748 134 947
-9181 -3961 520
-8650 -4447 973
9586 1358 964
-4839 6144 755
8930 -5914 570
9024 5288 600
-1168 7707 874
-6670 6673 315
6296 -5026 603
9274 -6546 533
-6610 -8242 6
-4195 -6196 783
-7922 -1847 27
-9136 3359 760
2269 1872 2
-1605 -5368 733
3868 -1759 388
-9550 -761 38
8314 -8645 777
1818 1752 221
-1211 -2128 318
3913 -5695 152
2642 -7946 941
1609 -8081 906
984 -7526 497
6589 -4370 632
-3855 -8635 466
-2177 -1845 880
8123 296 724
6490 -2687 750
-8245 -5344 285
1946 -8611 965
1347 6284 386
7610 3330 750
-1414 -2260 753
-7101 -4159 408
-293 -8597 288
-4867 6377 808
7015 6982 932
8301 -637 161
-3646 -1611 304
-9519 -1439 991
-8575 -2274 175
-4267 6404 550
4616 -7362 457
712 -6634 381
-1146 5801 977
4314 8711 524
-3835 -9459 187
7043 5942 756
-9525 1747 98
-6171 1786 570
6907 76 891
7514 4855 110
150 -9217 322
5688 -2995 905
5204 1497 285
-3272 7376 755
53 -2944 476
-2653 -9433 380
9345 7995 448
3980 4166 148
8246 1937 11
1088 -5318 647
9991 -5337 707
6340 1593 471
6348 694 479
2131 -7639 854
8561 -3016 493
-6280 -193 153
-6575 -2661 953
4127 -6483 555
3335 -2526 970
8968 -1550 665
9257 8207 876
-3125 9684 693
-4419 1062 452
2510 6835 82
4780 9103 125
5394 1631 625
-672 3232 272
-9308 -6196 32
-8035 -7775 59
1636 5864 210
3621 1376 68
-6185 969 739
8624 -8917 444
5325 -816 318
-6652 -5268 669
-7812 -6542 198
4810 -8599 874
2048 9522 565
-244 1249 826
-6504 -8729 373
-5318 9795 986
754 1432 127
-6586 -4552 422
5391 -3288 412
-9013 5533 561
4342 -6318 390
-888 3112 66
3464 850 306
-3434 9363 99
5577 4404 467
-8538 -3766 960
9420 -7686 679
9772 -7393 968
2140 -7035 291
1886 -7482 263
6645 -5736 774
8562 8341 64
-3959 -2839 451
-9573 468 138
7585 3153 312
2211 -6259 904
-380 -1301 510
-4867 -4736 944
6297 1439 34
2169 7559 28
-3554 9481 930
-3922 -9677 303
-3521 -6523 521
2801 5556 756
3362 -7994 363
-1185 3269 7
1405 2303 596
7612 5609 36
8244 -4685 272
-815 7996 301
-5706 -3886 9
-3763 -3317 860
6074 -8298 522
5875 -9062 158
1812 -2983 865
193 7910 528
3132 -9623 575
-2662 -1721 326
5315 -3453 420
5184 202 364
1403 -9511 576
-9802 4023 214
-7639 886 639
7270 6025 124
-5319 613 915
-1515 3187 340
4354 -9582 311
2195 4971 449
-6300 1459 988
243 2082 832
5008 6786 650
1000 7709 742
1081 -6921 156
-2550 9853 861
3168 2078 316
-7520 -8411 646
-1987 -9127 626
-1919 5848 819
-9997 -9723 494
-7093 -856 874
-3598 -7056 695
-7278 9487 821
6376 866 286
6002 -7492 633
-7682 -9598 950
9515 9722 379
-3542 4348 313
6950 8296 171
-9304 -3800 376
5565 -378 385
9003 -9919 73
-9801 -9976 883
4055 8906 210
7626 -6949 506
8668 -80 44
334 -1962 509
-6295 -4534 713
-8375 -8879 963
-2297 -3992 367
1833 -9379 572
9892 -254 934
8755 -1771 341
-9348 167 869
9667 2729 66
3684 -8192 403
3603 2199 654
-1341 1015 749
7703 -6636 357
3606 -9679 371
-3649 8569 333
-908 6797 138
1837 -9421 114
7424 -7370 52
-5388 7944 113
7006 -3841 197
-5457 4888 611
-1755 -6552 5
102 6678 108
-5115 -1161 649
-9082 -7665 725
420 9872 203
-2690 -2726 702
-6380 2184 209
-3564 -2493 743
5264 1634 274
-6204 -2128 844
8863 7884 788
-3887 -9542 484
235 -6930 784
1426 -6692 716
1866 5438 230
7653 5008 267
1895 -5921 440
3567 6667 657
-2983 -6267 636
3289 4432 791
4421 8516 588
-6769 -3566 155
5123 3924 12
2629 1361 287
5877 -5093 750
-5031 2370 382
-4145 5038 467
9239 -7386 521
-4749 7190 748
-2244 -4971 192
-8172 1947 953
-5217 780 304
3560 4466 880
1298 8499 8
5601 -8422 465
-8618 3472 316
-2002 8654 437
-2060 -4418 61
-7622 4471 496
-9743 7550 158
-5446 -987 850
3043 -5834 293
-2572 -6095 774
-5060 -223 55
-4599 -4662 721
7741 3895 551
5028 2797 35
1188 -8652 178
4252 2548 9
-7691 -9253 698
9958 -7394 634
6906 4306 607
5424 -7928 935
1785 5872 815
-2495 7062 177
7319 -8946 484
-9342 -2238 933
3175 -5621 822
2079 -3530 111
-6887 -917 325
-4935 -5444 250
4471 -4335 923
-917 -1620 315
7630 -6337 276
103 1117 261
4398 -2852 692
-6435 -204 827
-1665 5848 432
-3965 4892 805
7336 -8575 626
6787 5799 408
7914 -6911 500
-3202 7848 602
3384 3806 74
-6018 -2466 505
-5433 -1653 288
-70 5135 182
2350 -2525 391
-9502 -6642 829
8567 -7228 729
-5346 -6472 330
6427 -3443 188
2595 5994 939
2877 1504 832
4904 7363 656
-9053 5811 997
6066 -8497 81
3523 6645 803
-7681 -1000 50
4380 2495 429
1094 -757 46
-4541 3784 383
9297 5275 290
-5966 6117 738
-8730 -4559 788
-6594 -797 604
-4024 1915 762
7258 -8579 768
2889 8777 412
5002 -479 950
-7907 -3784 588
7510 -670 817
5581 9014 492
6424 5456 58
6545 2388 896
-7444 4092 39
9364 2244 46
4523 7966 966
419 -4812 267
7336 -7753 426
9303 2512 145
3800 1385 829
-5571 8379 724
-8612 8515 838
-7602 -9130 44
3468 -5402 329
3444 -5348 478
-2258 9930 870
-3864 8558 301
-2300 -9143 631
-3447 -5804 853
-6683 -2984 238
6697 410 58
-2475 -344 2
9845 5193 97
-4626 5060 116
6100 3522 291
8976 -9201 155
-8948 -2337 172
-6453 -8101 188
7627 -7981 148
-6206 9878 219
-8562 -9360 217
-8713 -1461 3
-7341 974 873
560 -6396 342
-7185 2686 641
-3603 874 81
7114 1614 916
9187 5108 9
-369 4488 249
3923 9543 508
-1946 35 341
-2028 1436 199
5119 -4716 612
4564 -3357 799
8319 -4222 629
-2461 7405 915
-1086 4842 708
-3897 -5748 429
-5383 7426 196
-2371 -6705 491
3843 7769 646
-2304 4351 934
6140 111 305
1686 -4222 78
279 -7398 505
4902 3448 904
-4635 7142 790
-8219 -529 915
-742 -8626 505
6655 -6923 775
-4165 4305 947
-6708 9365 258
8564 -3108 534
9684 3857 462
-9929 -1868 236
859 2845 236
-2001 4374 514
1503 4922 411
-9449 1519 702
4477 -6489 730
7808 6750 897
-8623 5838 975
-3283 8085 875
3742 745 769
-7428 9087 245
-9389 -892 367
5580 3458 111
33 2942 599
-5652 1920 117
-2341 8329 914
-4153 -5026 126
-5253 1539 453
-3575 -9946 569
-966 -5991 314
-5133 -8934 258
3492 -4162 925
-1471 8407 197
8880 -5876 146
-5697 -4755 849
886 -1165 192
-8022 5692 230
-7474 1659 733
-4787 -763 749
-8758 3190 281
-1872 315 459
8296 -8388 4
-7672 1903 243
-1334 420 631
-3953 -8325 619
5310 -2102 353
2777 -5926 565
-6348 6472 741
-7707 8013 240
-8931 -3247 738
-7697 7951 417
1321 -1425 468
1533 -2357 261
-4526 -5548 265
5744 -2682 808
6036 -1689 982
-6934 -1293 406
-9026 -9198 995
-3783 9853 719
9700 -1930 561
-9851 -4766 123
-384 8134 304
-2168 4958 573
-330 -2451 489
-7035 -6947 686
-6275 -8820 970
-8287 1944 727
-8549 8837 811
3725 1661 518
-9566 2215 831
3446 3733 530
-2689 -3872 278
5305 3751 931
422 -8055 564
5746 -9199 121
-618 -5872 714
7626 4821 609
8855 -8217 788
8546 -2728 259
-2231 4249 678
-142 -8136 33
3956 4231 274
7407 1915 645
-83 -260 754
-4444 5123 565
-3288 6711 247
5356 -5899 422
3177 6553 724
6847 2236 198
-5471 8842 159
4716 4271 877
4332 9066 119
9362 7795 586
-5665 2337 38
-9530 2514 311
889 -9943 783
-9881 5629 635
-3172 9532 513
8968 755 130
-847 7975 202
-6124 -9059 421
7450 -359 555
-7223 -558 862
9469 4947 631
-76 -3567 975
-8916 641 203
-1925 -5359 813
2622 9174 213
6356 7506 526
-1773 4371 827
-1799 -1618 341
-3079 2597 369
537 -5833 136
1464 4269 385
4938 2036 791
4428 -2783 700
9151 6232 889
-6101 -1946 574
1802 -5443 354
-7563 -5087 333
6378 4900 475
7557 4921 558
-9261 3566 803
-4028 -3647 325
992 -589 748
9811 3325 277
6077 -7353 785
-51 -9682 71
-9168 -8504 956
-9163 -9204 961
-9289 5588 730
9211 -2889 841
-999 7392 24
5676 7287 519
9519 -8010 508
491 -3734 8
5982 9335 411
-7262 -842 668
6544 -6418 91
-9859 -4588 520
-1477 -9029 583
8570 6394 648
-8642 -2874 899
-9420 -4153 871
1866 3027 743
-4401 -8530 428
6413 -4718 52
8146 9501 491
-2350 7703 823
-5687 8959 932
4083 7791 400
8911 -1138 18
-4951 8826 539
-8581 -8711 396
-1452 -5472 202
-102 -5703 334
-3743 -6575 605
1376 -2790 598
3139 827 355
-6762 6121 255
-1821 7794 355
-4462 -2160 605
-6741 -5815 768
1595 1736 721
-8479 -7258 218
-3673 -7582 88
-5522 -4888 560
-115 -6550 138
1135 9075 784
-5552 -7578 406
3422 2243 970
9956 -5045 441
-1808 7039 295
-9508 7279 415
-3449 -1206 779
-5080 -9691 172
-9020 -7312 592
1166 -7045 420
-2703 727 181
6368 -1634 73
3840 -2770 878
2757 -3235 172
9254 1589 525
-6609 -7962 143
3198 -4230 165
-3249 37 331
3354 -853 17
-1576 8453 179
-3240 -1001 415
849 -6458 598
400 9275 933
-7073 -5358 44
-2437 5144 68
1817 -966 981
6495 8800 706
4150 -8048 320
3060 -1016 454
8662 -3649 263
8536 -3041 984
-1444 4875 839
6377 3977 269
2825 8173 959
-7804 2892 460
1291 -214 748
175 -7214 98
-8160 -3069 165
1712 2040 328
1885 -1418 463
3418 -2677 29
2999 -8120 401
4745 8774 490
8998 -6849 462
-5989 808 876
-9824 3511 534
3926 -6385 766
-3159 1108 798
-9 7282 713
3751 2288 755
-9644 440 579
-5321 -4255 503
-4687 -2673 624
4882 -6985 704
-8617 -8472 82
7675 -7101 104
2208 -5646 50
1411 7724 511
7758 1673 158
6301 -4168 783
3728 4168 894
-7268 -3740 652
3943 -6708 234
2483 5007 17
-6249 -5097 369
5012 -3568 413
-1048 -8814 912
2419 -1012 682
-7402 -7118 682
7845 -8933 967
9354 8563 795
5137 -9424 659
9892 -6117 540
-2849 2702 630
-6144 3170 109
-5150 5124 813
-3001 -2288 715
2025 5269 833
-9304 -4853 809
3980 -1922 818
-770 -9369 166
1473 7067 607
-7797 -9638 906
6997 -4524 181
9123 -4433 830
2826 8330 332
-2429 5689 314
7932 9804 194
9509 -2378 465
7475 -4543 646
-9889 9184 987
4342 32 29
1028 -4169 627
1139 -5555 686
-6835 7667 21
-5175 -9789 159
-3870 -4066 862
-3453 -3035 76
-264 1030 947
-3784 2345 614
1638 -6484 679
-3122 3211 147
9002 2416 331
-9254 -6816 24
-1891 -3023 283
-3280 -9970 182
-8153 4579 862
-769 -9446 899
-6811 -6680 918
9478 -2429 308
-4680 -6356 44
-1715 8395 987
-4641 -2476 172
947 -5993 372
5000 -2786 887
3647 -7197 903
1382 1712 407
-2187 6309 300
-1 -7031 886
-4688 7157 872
-7855 8813 320
8973 3960 641
-5055 -6788 525
-991 371 971
7972 5503 549
-7287 6287 274
-300 -1519 907
4041 7235 288
2345 9267 170
-6132 761 878
-8204 -1677 61
1431 8315 130
-3336 -6580 962
7004 -6102 994
4336 -8014 447
-6896 -9325 24
327 4245 96
-7571 -7397 576
9138 -4304 8
-7922 7984 602
5396 3712 265
-966 2907 274
-4919 -8364 486
-4925 -529 768
8918 692 950
7454 413 176
-5329 -2779 504
-2152 -9069 590
-2148 4664 902
1740 -3451 651
-9351 1490 669
4870 -3882 721
-3395 -2175 300
-2078 -1162 387
5806 2481 225
-8927 -8511 898
3357 -946 808
-1522 2464 85
4363 -4971 882
7709 -5468 702
987 -3250 473
-555 -6162 672
-344 -3902 699
-2185 2051 169
-7070 -3370 714
8221 8972 450
9796 -9523 436
-3447 -8402 513
5679 7404 625
3198 8653 900
9803 2723 285
-593 -4167 205
6866 7291 840
-262 4081 155
8597 -9854 941
3156 -8132 71
3699 2320 457
-4371 -1191 782
-2105 7553 100
7849 -4673 565
-4226 533 324
-7401 -2639 382
5326 7572 427
-6387 1798 23
5495 -2604 378
-73 -2873 407
-2121 771 35
9224 3603 328
5782 6099 897
-3187 468 304
-2752 1803 700
7723 7622 488
-5378 -4916 876
617 -5925 259
3313 -4433 580
4043 -1152 732
9718 6686 942
-7513 4936 11
