1000
543 2 543
844 2 844
398 2 398
690 1 690
352 1 352
546 1 546
601 1 601
612 1 612
621 2 621
315 2 315
592 2 592
90 1 90
670 1 670
16 2 16
559 1 559
521 1 521
936 1 936
246 2 246
226 1 226
686 1 686
708 2 708
190 2 190
130 2 130
910 2 910
825 1 825
520 1 520
640 1 640
547 2 547
945 1 945
917 2 917
934 1 934
447 2 447
594 1 594
505 2 505
113 2 113
919 1 919
508 2 508
810 2 810
275 1 275
591 1 591
547 1 547
307 1 307
852 1 852
279 2 279
665 1 665
487 2 487
239 1 239
124 2 124
209 2 209
56 2 56
120 2 120
872 1 872
761 2 761
661 2 661
692 2 692
218 1 218
807 1 807
43 1 43
596 1 596
12 1 12
388 2 388
245 2 245
583 2 583
574 2 574
276 1 276
334 1 334
851 1 851
832 1 832
387 1 387
5 1 5
703 2 703
583 1 583
137 2 137
495 1 495
236 1 236
364 2 364
149 1 149
818 1 818
500 2 500
519 2 519
185 2 185
98 1 98
521 2 521
148 1 148
275 2 275
376 2 376
600 2 600
46 2 46
460 1 460
283 1 283
411 2 411
152 1 152
616 2 616
773 2 773
18 2 18
700 1 700
363 2 363
727 1 727
134 1 134
3 1 3
154 2 154
753 2 753
323 1 323
40 1 40
147 1 147
179 2 179
908 2 908
83 1 83
588 2 588
908 1 908
338 1 338
827 2 827
632 2 632
138 1 138
394 1 394
158 2 158
483 1 483
357 2 357
766 1 766
870 2 870
405 2 405
887 2 887
135 2 135
883 1 883
213 2 213
893 1 893
331 1 331
312 2 312
704 1 704
10 1 10
320 1 320
566 1 566
841 2 841
267 1 267
312 1 312
143 1 143
26 2 26
47 2 47
431 1 431
622 1 622
672 1 672
797 1 797
857 1 857
625 1 625
367 1 367
601 2 601
711 2 711
880 1 880
712 2 712
322 1 322
966 2 966
674 2 674
492 2 492
415 1 415
387 2 387
114 1 114
720 2 720
469 2 469
868 1 868
539 1 539
308 1 308
489 1 489
182 2 182
290 1 290
769 1 769
276 2 276
914 1 914
808 2 808
920 2 920
486 2 486
107 1 107
558 1 558
131 2 131
62 2 62
184 2 184
586 1 586
854 2 854
535 1 535
428 2 428
185 1 185
801 2 801
462 2 462
503 2 503
677 2 677
189 2 189
221 1 221
843 1 843
24 1 24
459 2 459
15 2 15
472 1 472
588 1 588
900 2 900
619 1 619
770 1 770
866 2 866
87 2 87
286 1 286
283 2 283
819 2 819
921 2 921
61 1 61
792 1 792
728 2 728
152 2 152
514 1 514
146 1 146
326 2 326
546 2 546
977 1 977
584 2 584
402 1 402
295 1 295
820 1 820
699 1 699
607 2 607
170 2 170
292 1 292
470 1 470
436 2 436
866 1 866
593 2 593
239 2 239
704 2 704
504 1 504
139 1 139
838 1 838
228 1 228
199 1 199
980 1 980
685 1 685
687 2 687
2 1 2
17 1 17
13 2 13
875 2 875
735 1 735
966 1 966
174 1 174
864 1 864
968 2 968
510 2 510
558 2 558
234 1 234
320 2 320
562 1 562
44 1 44
494 2 494
448 1 448
345 1 345
900 1 900
668 1 668
504 2 504
186 2 186
876 1 876
879 2 879
901 2 901
892 1 892
263 1 263
111 1 111
541 1 541
988 1 988
159 1 159
81 1 81
680 2 680
951 1 951
141 2 141
842 1 842
397 1 397
99 2 99
513 1 513
361 2 361
4 1 4
827 1 827
463 1 463
209 1 209
600 1 600
382 2 382
309 2 309
829 1 829
181 2 181
542 2 542
652 1 652
274 1 274
742 2 742
593 1 593
270 2 270
651 2 651
791 1 791
670 2 670
959 2 959
950 1 950
162 1 162
832 2 832
304 1 304
607 1 607
271 1 271
223 1 223
290 2 290
115 1 115
413 1 413
897 1 897
221 2 221
631 2 631
726 1 726
462 1 462
309 1 309
250 2 250
674 1 674
768 2 768
592 1 592
710 1 710
495 2 495
957 1 957
748 2 748
410 2 410
978 2 978
335 1 335
134 2 134
744 1 744
128 2 128
902 2 902
552 1 552
609 2 609
989 1 989
482 1 482
336 1 336
845 2 845
871 2 871
291 2 291
48 1 48
750 1 750
647 1 647
492 1 492
426 1 426
655 1 655
698 2 698
645 1 645
564 1 564
550 1 550
855 1 855
611 1 611
446 2 446
530 2 530
762 2 762
709 2 709
381 2 381
764 1 764
490 1 490
236 2 236
175 2 175
403 1 403
677 1 677
467 2 467
940 1 940
759 1 759
507 1 507
556 2 556
977 2 977
38 2 38
774 1 774
478 1 478
268 2 268
551 1 551
835 1 835
713 2 713
85 2 85
899 2 899
949 1 949
464 2 464
306 2 306
191 1 191
509 1 509
83 2 83
262 1 262
465 1 465
466 1 466
809 2 809
408 1 408
714 1 714
610 2 610
757 2 757
717 2 717
248 1 248
648 2 648
292 2 292
443 2 443
97 1 97
366 1 366
332 2 332
942 2 942
913 1 913
164 1 164
984 2 984
701 1 701
644 1 644
993 1 993
305 2 305
349 2 349
36 1 36
927 2 927
20 1 20
502 1 502
125 2 125
3 2 3
513 2 513
627 2 627
103 1 103
773 1 773
466 2 466
67 1 67
595 1 595
883 2 883
800 2 800
888 1 888
108 2 108
463 2 463
307 2 307
580 1 580
581 2 581
931 1 931
330 2 330
788 2 788
244 2 244
896 2 896
58 1 58
729 2 729
765 2 765
192 2 192
733 1 733
399 1 399
41 2 41
27 1 27
820 2 820
706 1 706
998 1 998
215 2 215
173 2 173
144 2 144
736 1 736
205 2 205
767 1 767
957 2 957
100 2 100
895 1 895
871 1 871
374 2 374
465 2 465
35 1 35
603 1 603
664 2 664
116 2 116
423 2 423
296 2 296
830 2 830
8 1 8
862 1 862
738 1 738
608 2 608
829 2 829
716 1 716
246 1 246
386 1 386
212 1 212
894 1 894
171 2 171
627 1 627
360 1 360
170 1 170
937 2 937
939 2 939
439 2 439
697 1 697
794 2 794
191 2 191
724 2 724
333 1 333
517 1 517
54 1 54
117 2 117
1 2 1
456 1 456
529 1 529
29 1 29
568 1 568
102 1 102
142 2 142
618 1 618
611 2 611
920 1 920
381 1 381
982 2 982
330 1 330
606 2 606
438 1 438
476 1 476
844 1 844
763 1 763
82 2 82
799 2 799
693 2 693
907 2 907
478 2 478
720 1 720
193 1 193
609 1 609
867 1 867
916 2 916
291 1 291
802 2 802
965 2 965
355 1 355
389 2 389
321 1 321
145 1 145
397 2 397
646 1 646
880 2 880
640 2 640
684 1 684
220 1 220
230 2 230
663 2 663
60 1 60
349 1 349
158 1 158
591 2 591
277 2 277
923 2 923
804 2 804
201 1 201
769 2 769
655 2 655
790 1 790
23 1 23
697 2 697
232 2 232
19 2 19
757 1 757
208 2 208
404 2 404
515 1 515
709 1 709
58 2 58
308 2 308
719 2 719
691 1 691
590 1 590
232 1 232
437 2 437
410 1 410
442 1 442
281 2 281
733 2 733
659 1 659
941 2 941
505 1 505
12 2 12
203 1 203
702 2 702
139 2 139
117 1 117
853 2 853
204 2 204
265 1 265
808 1 808
346 2 346
392 2 392
442 2 442
340 1 340
281 1 281
227 1 227
459 1 459
879 1 879
986 1 986
91 2 91
541 2 541
133 1 133
512 2 512
721 2 721
848 2 848
725 1 725
219 2 219
382 1 382
572 1 572
450 2 450
964 1 964
471 2 471
131 1 131
565 2 565
384 1 384
571 2 571
390 1 390
964 2 964
834 1 834
285 1 285
419 2 419
881 2 881
357 1 357
690 2 690
990 1 990
994 1 994
321 2 321
837 2 837
249 1 249
666 2 666
838 2 838
797 2 797
560 2 560
280 2 280
960 2 960
249 2 249
653 1 653
693 1 693
361 1 361
350 2 350
488 1 488
157 2 157
567 1 567
743 2 743
210 1 210
378 2 378
557 2 557
996 1 996
539 2 539
991 2 991
64 2 64
287 2 287
735 2 735
507 2 507
458 1 458
575 1 575
147 2 147
877 1 877
140 1 140
49 1 49
571 1 571
995 2 995
69 2 69
30 1 30
778 2 778
350 1 350
210 2 210
963 1 963
893 2 893
454 2 454
247 1 247
705 1 705
840 2 840
118 1 118
630 2 630
929 1 929
112 1 112
114 2 114
753 1 753
891 1 891
650 2 650
781 1 781
656 1 656
634 2 634
375 1 375
40 2 40
793 1 793
933 2 933
882 2 882
878 2 878
440 2 440
477 1 477
764 2 764
302 1 302
847 2 847
810 1 810
358 2 358
383 2 383
919 2 919
9 2 9
722 1 722
613 1 613
863 1 863
873 2 873
869 2 869
649 1 649
1000 1 1000
874 1 874
80 2 80
55 1 55
625 2 625
612 2 612
222 1 222
823 2 823
225 2 225
830 1 830
751 1 751
160 2 160
889 2 889
279 1 279
745 2 745
311 1 311
554 2 554
89 2 89
373 1 373
653 2 653
85 1 85
971 1 971
82 1 82
301 1 301
523 2 523
370 1 370
858 1 858
421 2 421
436 1 436
667 1 667
644 2 644
824 2 824
837 1 837
940 2 940
421 1 421
856 1 856
719 1 719
166 2 166
646 2 646
10 2 10
869 1 869
165 2 165
776 2 776
41 1 41
126 2 126
318 1 318
145 2 145
300 2 300
52 2 52
772 2 772
176 1 176
351 2 351
238 2 238
224 1 224
128 1 128
430 1 430
468 1 468
648 1 648
992 2 992
617 1 617
623 1 623
508 1 508
994 2 994
925 1 925
974 2 974
161 1 161
561 2 561
872 2 872
544 2 544
896 1 896
151 2 151
268 1 268
780 1 780
604 1 604
761 1 761
545 1 545
168 2 168
582 1 582
48 2 48
42 1 42
626 1 626
586 2 586
254 2 254
126 1 126
565 1 565
671 1 671
987 1 987
509 2 509
831 2 831
846 2 846
882 1 882
339 1 339
172 2 172
440 1 440
775 1 775
614 1 614
109 1 109
849 1 849
615 2 615
643 2 643
589 2 589
427 2 427
93 2 93
65 1 65
229 1 229
69 1 69
253 1 253
331 2 331
695 1 695
347 2 347
211 2 211
499 2 499
32 1 32
860 1 860
108 1 108
198 1 198
428 1 428
927 1 927
604 2 604
433 1 433
200 2 200
903 1 903
962 1 962
178 1 178
186 1 186
454 1 454
432 2 432
782 1 782
967 1 967
424 2 424
287 1 287
76 1 76
72 1 72
230 1 230
7 2 7
376 1 376
314 1 314
853 1 853
264 2 264
482 2 482
624 2 624
75 1 75
936 2 936
5 2 5
999 2 999
73 2 73
250 1 250
998 2 998
542 1 542
754 1 754
359 2 359
585 2 585
941 1 941
885 2 885
176 2 176
25 1 25
784 2 784
564 2 564
890 2 890
155 1 155
522 1 522
289 1 289
208 1 208
403 2 403
959 1 959
197 1 197
407 1 407
502 2 502
981 2 981
969 1 969
843 2 843
487 1 487
96 1 96
316 1 316
218 2 218
367 2 367
958 2 958
948 2 948
378 1 378
703 1 703
233 2 233
762 1 762
497 1 497
432 1 432
59 2 59
100 1 100
57 1 57
527 1 527
242 2 242
36 2 36
335 2 335
506 1 506
136 1 136
257 2 257
771 1 771
485 2 485
597 1 597
328 2 328
303 2 303
91 1 91
64 1 64
165 1 165
532 2 532
168 1 168
86 1 86
634 1 634
787 2 787
417 2 417
219 1 219
461 1 461
141 1 141
972 1 972
595 2 595
452 2 452
914 2 914
374 1 374
71 2 71
683 1 683
11 2 11
110 2 110
526 1 526
423 1 423
779 1 779
368 1 368
887 1 887
78 1 78
31 2 31
156 1 156
699 2 699
84 2 84
897 2 897
435 2 435
388 1 388
718 1 718
822 1 822
187 1 187
938 2 938
803 2 803
267 2 267
802 1 802
135 1 135
988 2 988
746 1 746
929 2 929
570 2 570
758 2 758
251 1 251
42 2 42
138 2 138
231 2 231
295 2 295
865 2 865
716 2 716
483 2 483
163 2 163
34 1 34
711 1 711
468 2 468
202 2 202
846 1 846
573 1 573
867 2 867
79 1 79
909 2 909
563 2 563
453 1 453
979 2 979
793 2 793
319 1 319
687 1 687
755 1 755
954 2 954
895 2 895
737 2 737
845 1 845
740 1 740
715 1 715
496 1 496
731 2 731
481 2 481
718 2 718
943 2 943
537 1 537
329 1 329
605 1 605
205 1 205
790 2 790
153 1 153
76 2 76
569 2 569
847 1 847
356 2 356
166 1 166
728 1 728
641 1 641
549 2 549
481 1 481
444 2 444
780 2 780
342 1 342
259 2 259
288 2 288
979 1 979
227 2 227
628 1 628
398 1 398
491 1 491
701 2 701
372 2 372
137 1 137
377 1 377
956 2 956
200 1 200
57 2 57
50 2 50
477 2 477
99 1 99
906 2 906
