1000
1 -3432 1
1 -507 1
2 4764 2
2 -9816 2
2 9917 2
1 -2318 1
1 -1760 1
1 6403 1
2 -5668 2
2 -6088 2
2 -7947 2
1 -3789 1
2 -1705 2
1 -6196 1
1 846 1
1 3351 1
1 5797 1
1 3077 1
1 -3920 1
1 -8520 1
2 -4760 2
1 -3418 1
1 1290 1
2 263 2
2 7945 2
2 -8837 2
1 -5925 1
2 -8928 2
1 -2618 1
2 4189 2
2 -7121 2
2 3794 2
2 -3441 2
1 1349 1
2 -4005 2
2 -6183 2
2 7619 2
1 3594 1
1 -363 1
1 -6324 1
1 -1563 1
1 -9837 1
1 9550 1
2 -1584 2
1 -9415 1
1 5134 1
2 831 2
1 9514 1
2 -5743 2
2 -3019 2
2 -1032 2
1 4624 1
1 -1548 1
2 5530 2
1 8495 1
2 -2060 2
1 7244 1
1 -3549 1
2 -3351 2
1 8757 1
1 -1523 1
2 4598 2
2 9972 2
1 -6833 1
2 -6937 2
2 9117 2
2 -2609 2
1 626 1
1 956 1
1 7800 1
1 8810 1
2 -1009 2
2 3882 2
1 -7998 1
1 -8568 1
1 -9847 1
1 -3186 1
1 -4852 1
1 2036 1
2 889 2
1 -4559 1
2 6344 2
2 -401 2
2 -9766 2
1 -5898 1
2 4782 2
2 6853 2
1 -7213 1
2 5302 2
2 -580 2
2 5667 2
2 -4168 2
1 -2344 1
1 -3274 1
1 7555 1
1 -9066 1
2 2557 2
1 -1941 1
2 1344 2
1 5191 1
2 1598 2
1 -7607 1
2 2765 2
1 -1721 1
2 103 2
1 -4019 1
1 9920 1
2 3197 2
1 6789 1
1 -5763 1
1 -5582 1
2 -6672 2
2 6608 2
2 2716 2
2 5349 2
1 -9610 1
1 -1428 1
1 414 1
2 -7277 2
1 -3738 1
1 9063 1
2 -966 2
2 -1998 2
2 -8691 2
2 4336 2
2 -8523 2
2 -9952 2
2 -5760 2
2 -3334 2
2 -4377 2
2 1608 2
1 -5493 1
2 4718 2
2 -2781 2
2 -6582 2
2 7460 2
2 -6908 2
1 5596 1
2 1673 2
2 -8047 2
1 6258 1
2 4697 2
1 4919 1
1 6343 1
1 4619 1
1 8648 1
1 -8163 1
2 -7306 2
2 -5419 2
2 -2188 2
1 447 1
1 -4624 1
2 -6246 2
1 -4491 1
1 -5942 1
2 6530 2
1 5339 1
2 9664 2
1 -7104 1
1 1784 1
1 5041 1
2 8375 2
1 -5397 1
1 5692 1
2 -1625 2
1 1131 1
2 2344 2
1 5086 1
1 -6934 1
1 989 1
1 5207 1
2 2139 2
2 -3882 2
2 -674 2
1 -187 1
1 5992 1
2 -2008 2
1 -3656 1
1 1216 1
2 5542 2
1 -2290 1
1 -2990 1
1 7678 1
1 -9108 1
2 659 2
2 -99 2
1 4194 1
2 -216 2
1 9739 1
1 1420 1
1 8613 1
1 9162 1
1 -19 1
2 2000 2
1 -6296 1
2 -8961 2
1 6145 1
1 -3861 1
1 -5615 1
1 671 1
1 3556 1
2 2086 2
2 1862 2
1 5305 1
2 -4710 2
2 -1459 2
2 -7773 2
1 -7666 1
1 -6722 1
1 5535 1
1 3625 1
1 536 1
1 -7029 1
2 -2032 2
1 9511 1
2 2261 2
1 -523 1
2 2905 2
1 5457 1
1 -8371 1
1 -5038 1
1 8191 1
2 75 2
2 -1622 2
1 -3626 1
2 -1018 2
1 -123 1
1 -6792 1
2 -485 2
2 6101 2
1 -3063 1
2 2510 2
1 -2655 1
2 -9859 2
2 -3315 2
2 2289 2
1 -6998 1
1 7738 1
2 -1212 2
1 -9770 1
1 957 1
2 9879 2
2 -7310 2
2 -549 2
2 -1805 2
2 7794 2
2 -8796 2
1 -4520 1
1 -5550 1
1 -2766 1
1 5699 1
1 -8680 1
2 -1496 2
2 812 2
1 1898 1
1 -3978 1
2 3571 2
1 5200 1
1 1597 1
1 -7182 1
1 -3470 1
2 5057 2
1 6707 1
2 7157 2
1 -6187 1
1 -9402 1
2 7080 2
2 -832 2
1 -4477 1
2 -6112 2
1 -3160 1
1 -2189 1
2 6477 2
1 3477 1
2 -9390 2
1 6125 1
1 7677 1
2 4407 2
1 -6780 1
1 -7371 1
1 -8706 1
1 -8530 1
1 -4182 1
1 -628 1
1 200 1
2 -9689 2
1 8437 1
1 2056 1
1 -2998 1
2 -6102 2
2 -5033 2
1 4539 1
1 -2800 1
2 4142 2
2 -6660 2
2 -2317 2
1 7442 1
1 7988 1
1 -6340 1
2 6393 2
2 8578 2
1 -9787 1
2 1797 2
1 9745 1
1 3265 1
2 -5956 2
2 -4245 2
2 -477 2
1 -9535 1
2 -7824 2
1 -7403 1
1 -1802 1
2 -1793 2
1 1579 1
2 -308 2
2 -6005 2
1 -9455 1
2 -5975 2
1 4701 1
2 7702 2
2 2591 2
1 -9743 1
2 5331 2
1 -3778 1
2 106 2
2 295 2
2 -2067 2
1 -8656 1
2 -6591 2
2 1885 2
1 3014 1
1 9875 1
2 8643 2
1 -5739 1
2 -8588 2
2 -7728 2
1 -8157 1
2 -3744 2
2 -2550 2
2 -1298 2
2 -7363 2
1 434 1
2 -792 2
1 -4842 1
1 -7346 1
2 -3055 2
1 9729 1
2 -7897 2
1 8445 1
2 -9694 2
2 -5005 2
1 977 1
2 8206 2
2 7177 2
2 5623 2
1 -7140 1
1 4062 1
2 2113 2
1 2349 1
1 1382 1
2 -1469 2
1 -928 1
2 -6443 2
2 6266 2
2 8873 2
1 -7007 1
2 -2967 2
1 4992 1
2 1197 2
2 -8901 2
1 9185 1
2 7725 2
2 6209 2
1 1843 1
1 1230 1
2 4413 2
2 6032 2
1 -1724 1
2 -4535 2
2 5347 2
2 4549 2
2 8813 2
2 -7416 2
2 -2424 2
1 2995 1
1 -7437 1
1 -9503 1
1 -1246 1
2 -89 2
1 -2616 1
1 -4703 1
1 -2610 1
1 -8015 1
2 2870 2
1 2935 1
1 9040 1
1 -6010 1
2 6564 2
1 5238 1
1 1056 1
1 -3956 1
1 1161 1
2 7593 2
1 1401 1
1 2958 1
1 8664 1
2 -5937 2
1 -774 1
1 -2207 1
1 8206 1
2 -8998 2
2 -7096 2
2 -5667 2
1 9372 1
2 -7970 2
1 -1596 1
2 8533 2
2 1385 2
2 8837 2
1 -1848 1
1 -7824 1
1 -4515 1
1 2623 1
1 -9388 1
2 -3713 2
1 1091 1
1 -272 1
2 7923 2
1 3162 1
1 2671 1
2 254 2
2 -6629 2
1 8522 1
2 2698 2
1 -3981 1
1 -6435 1
2 9539 2
2 1515 2
2 2193 2
2 7688 2
1 -7302 1
1 211 1
1 5003 1
2 6005 2
2 -1699 2
2 -1512 2
1 -3331 1
2 7204 2
2 9788 2
2 -2057 2
2 4682 2
2 3610 2
1 -3217 1
2 -7557 2
1 6053 1
2 4196 2
2 -4277 2
1 2123 1
2 -3686 2
1 -4112 1
2 4780 2
1 -4376 1
2 8680 2
1 -1626 1
1 -812 1
1 -8994 1
1 1554 1
1 -918 1
1 -4082 1
1 1828 1
1 5452 1
1 1769 1
1 -6822 1
2 8639 2
2 -7944 2
2 -1462 2
1 1354 1
2 4003 2
2 26 2
2 1046 2
2 840 2
1 3083 1
2 -5710 2
2 -9389 2
1 -5378 1
2 6221 2
1 -3290 1
1 -34 1
2 2035 2
2 -7506 2
2 -7880 2
1 8279 1
2 5581 2
1 7904 1
1 -1761 1
1 -2085 1
1 5557 1
1 1895 1
1 -1442 1
2 -6809 2
2 -8657 2
2 6834 2
2 -4799 2
1 -7483 1
1 -3127 1
1 -2579 1
2 6646 2
2 -328 2
1 2900 1
2 4495 2
1 -2251 1
2 2153 2
2 -5830 2
2 -4529 2
2 4129 2
1 9569 1
2 5916 2
2 -894 2
1 4340 1
1 4336 1
1 -4681 1
1 2664 1
2 -5159 2
2 562 2
2 3195 2
1 7252 1
2 8426 2
2 -7662 2
2 -8385 2
1 7925 1
2 -9654 2
1 -5119 1
2 -3253 2
2 -9112 2
2 3481 2
1 8182 1
2 5706 2
1 8005 1
1 -8067 1
2 2925 2
2 6466 2
1 8611 1
2 -3723 2
1 137 1
1 -1709 1
2 3354 2
1 8806 1
2 1420 2
1 6290 1
2 -5037 2
1 -9911 1
2 -5283 2
1 9896 1
1 -3715 1
2 -5838 2
1 -7086 1
1 -1815 1
1 1569 1
1 1198 1
1 -2908 1
2 -5917 2
1 9985 1
1 8649 1
1 -7156 1
2 -4524 2
2 -7865 2
1 7774 1
1 8555 1
2 5133 2
2 9656 2
2 -5179 2
2 7883 2
2 1135 2
2 7142 2
1 -2154 1
1 -1923 1
2 -1421 2
1 -8193 1
1 -7640 1
1 -3189 1
1 9394 1
1 -6469 1
2 -7972 2
2 -9817 2
2 203 2
1 -2746 1
2 -1737 2
2 -8334 2
2 4905 2
2 5214 2
1 -2083 1
1 4794 1
1 2369 1
2 2353 2
1 -459 1
1 6730 1
1 1330 1
1 -1628 1
2 3029 2
1 5547 1
2 7622 2
1 -6489 1
2 -4022 2
1 -3794 1
2 -8095 2
2 -2230 2
2 -3734 2
1 4817 1
1 9318 1
2 6502 2
2 4194 2
2 5662 2
1 -6664 1
1 7760 1
1 -8588 1
2 3766 2
2 6687 2
2 9163 2
2 -1070 2
1 3592 1
2 1440 2
1 6979 1
2 -2985 2
2 -9260 2
1 802 1
1 -9577 1
2 6361 2
2 -5892 2
2 433 2
2 118 2
2 4385 2
2 -8054 2
2 -8326 2
2 -6353 2
2 8627 2
2 -8135 2
2 1845 2
1 3273 1
2 5409 2
2 3904 2
2 3280 2
2 -9051 2
2 7466 2
1 -2995 1
2 9976 2
2 3793 2
1 -2803 1
1 -8183 1
2 8192 2
1 -1315 1
1 9192 1
2 -9105 2
1 7297 1
2 -9434 2
1 -2611 1
2 -7657 2
2 9357 2
2 -4999 2
1 -5994 1
2 3259 2
2 -1035 2
1 -7892 1
1 376 1
1 -366 1
1 1777 1
1 9469 1
2 -9504 2
1 8012 1
2 4841 2
1 -2819 1
1 2969 1
2 7490 2
1 6899 1
1 -7177 1
1 5246 1
1 2782 1
2 -7248 2
1 -8775 1
1 2035 1
1 -6951 1
1 7510 1
1 9722 1
1 1626 1
2 -5750 2
2 9423 2
1 -9919 1
2 -9291 2
2 -5984 2
1 -7920 1
2 9340 2
2 8109 2
1 -1204 1
2 4742 2
1 -146 1
1 9595 1
1 -9311 1
1 -4674 1
2 -8579 2
1 4458 1
2 7477 2
2 -9647 2
2 -1050 2
1 -6980 1
1 606 1
1 5408 1
1 -9956 1
2 7418 2
2 -2831 2
1 6988 1
2 1454 2
2 -905 2
2 737 2
1 -3747 1
2 2714 2
2 -8946 2
1 -1056 1
2 5921 2
1 -9258 1
1 7150 1
1 4555 1
1 2541 1
2 -448 2
1 305 1
1 -4934 1
2 4558 2
1 8531 1
1 8928 1
1 5166 1
2 8742 2
2 -4981 2
1 -2500 1
2 -5587 2
1 7976 1
1 -7734 1
2 -2998 2
1 -4923 1
2 652 2
1 3210 1
2 1612 2
2 -7354 2
1 1292 1
2 -4510 2
1 1954 1
2 7774 2
2 1802 2
1 219 1
2 9998 2
2 -5610 2
2 -5905 2
1 -8937 1
1 -8598 1
2 -3706 2
2 3429 2
1 1067 1
2 -2772 2
1 -6027 1
1 -9510 1
1 6353 1
1 -8820 1
1 216 1
2 5037 2
1 -6452 1
2 -4964 2
2 -7455 2
2 6629 2
2 -7440 2
2 6061 2
2 1289 2
1 5794 1
2 -8351 2
2 1422 2
2 -611 2
1 1838 1
1 4013 1
1 6193 1
1 -2395 1
1 -6203 1
2 -9455 2
1 3863 1
1 3630 1
2 -7975 2
1 -3068 1
2 -3854 2
2 -776 2
1 -4706 1
1 -6842 1
1 -6455 1
2 2567 2
1 -5326 1
1 2319 1
2 9049 2
1 6467 1
2 1684 2
1 -7366 1
1 -4277 1
2 -7246 2
1 8521 1
2 -1356 2
2 5670 2
1 6194 1
2 -2096 2
1 3968 1
1 4771 1
2 -1268 2
2 -6207 2
2 -6024 2
1 -7248 1
2 8529 2
2 3420 2
1 9254 1
2 2391 2
1 1008 1
2 6214 2
1 8065 1
1 7141 1
1 9810 1
2 -8086 2
1 6572 1
1 -9779 1
1 5141 1
2 5042 2
2 -3096 2
1 -763 1
1 6909 1
1 1442 1
2 -4289 2
1 -5706 1
2 -6896 2
1 -2234 1
1 7797 1
2 -1884 2
2 5591 2
1 -868 1
1 -9004 1
2 -6508 2
2 -701 2
2 8009 2
2 7946 2
1 -1597 1
2 2093 2
1 5862 1
1 4598 1
2 -2260 2
1 7603 1
2 7160 2
1 -2416 1
2 -6780 2
2 3242 2
2 -2956 2
1 -5592 1
1 -997 1
1 -3089 1
2 -8550 2
2 -6325 2
1 4052 1
1 6083 1
2 8591 2
2 -5644 2
1 -8010 1
2 9530 2
1 -9689 1
1 -2972 1
1 -815 1
1 -5811 1
2 3562 2
1 -9876 1
1 -6493 1
1 1678 1
1 -3001 1
1 9041 1
1 5383 1
2 3077 2
2 3296 2
1 1592 1
1 9584 1
2 7437 2
2 4593 2
2 -576 2
2 -4078 2
1 7121 1
2 3772 2
1 -4965 1
2 2864 2
2 -4379 2
1 -2464 1
1 -1644 1
1 -3870 1
2 3913 2
2 1400 2
1 -8227 1
2 3997 2
2 5166 2
1 -7432 1
2 4015 2
1 -7687 1
1 -3668 1
1 -6871 1
2 -3300 2
1 3191 1
2 5293 2
1 -7219 1
2 -3832 2
1 -2733 1
1 6288 1
2 -78 2
1 -8894 1
2 8153 2
2 -2399 2
1 1022 1
2 -2128 2
1 6535 1
2 2440 2
2 -5111 2
2 -7704 2
1 7304 1
2 -8004 2
1 3562 1
2 231 2
1 -6079 1
2 -4105 2
1 -1585 1
1 6900 1
2 5315 2
1 -5785 1
1 -6494 1
2 4668 2
1 -8042 1
2 -4496 2
2 -22 2
1 148 1
1 287 1
2 4736 2
2 -3272 2
2 7123 2
1 6314 1
2 2516 2
1 -3457 1
1 8846 1
1 -6511 1
1 8513 1
2 7735 2
1 -8940 1
1 -9299 1
2 -8593 2
2 2280 2
1 1653 1
2 3782 2
1 466 1
1 -2206 1
2 7600 2
2 -4074 2
2 4014 2
1 -6440 1
2 -4634 2
1 1965 1
2 -6187 2
1 5975 1
2 -1367 2
1 -5111 1
1 -4295 1
2 -4562 2
2 -4548 2
1 6066 1
1 4975 1
2 2227 2
1 -9482 1
1 -9111 1
1 3205 1
1 -2301 1
1 4 1
2 -8709 2
1 7383 1
1 7783 1
2 -8677 2
2 6327 2
2 -1682 2
2 6131 2
1 3493 1
2 -4205 2
1 828 1
1 -3414 1
1 8186 1
2 -582 2
1 4752 1
2 -6837 2
1 9009 1
1 6851 1
2 7768 2
1 -4064 1
1 -6213 1
2 -5999 2
2 4941 2
2 7325 2
2 -8603 2
1 4858 1
2 -2429 2
2 -7838 2
1 -2202 1
1 1038 1
2 -5558 2
