1000
520 -7680 520
603 1311 603
973 3187 973
26 -8539 26
602 7906 602
235 -5272 235
843 7616 843
3 -3495 3
148 841 148
954 -7268 954
546 8378 546
502 2817 502
904 6844 904
278 6819 278
858 1042 858
118 4809 118
257 4840 257
423 -6444 423
576 7200 576
267 8306 267
173 9760 173
20 -9212 20
400 -8156 400
522 9603 522
166 2876 166
280 -673 280
634 2506 634
828 8245 828
525 6397 525
663 -4551 663
236 -8731 236
2 4534 2
642 -5603 642
33 -9659 33
460 4918 460
469 4394 469
127 -8564 127
368 3367 368
798 -4775 798
494 -896 494
837 -5574 837
867 1676 867
135 8810 135
1 -1613 1
74 -739 74
86 6386 86
139 4532 139
131 -7253 131
517 -6186 517
52 1601 52
245 1520 245
693 473 693
746 -435 746
944 -3632 944
308 2432 308
571 927 571
521 5117 521
695 -70 695
970 -376 970
387 5871 387
522 -826 522
67 2428 67
7 316 7
596 2562 596
293 6620 293
27 7208 27
5 -1991 5
288 -8229 288
22 2852 22
599 116 599
104 1206 104
721 -7575 721
104 -9137 104
603 7595 603
441 -976 441
511 -5532 511
71 -8810 71
41 -8250 41
20 -4256 20
82 -1123 82
380 135 380
135 4156 135
617 -3443 617
374 879 374
987 6658 987
480 -7613 480
802 8962 802
21 4504 21
313 -4998 313
202 5930 202
894 1102 894
947 1909 947
168 -2189 168
766 -6024 766
900 4400 900
354 2912 354
341 -7470 341
698 -475 698
250 -7144 250
619 9301 619
897 822 897
96 -8171 96
605 -9020 605
123 -5622 123
611 7376 611
88 -6321 88
629 -2715 629
894 -8877 894
92 -5011 92
164 -6614 164
337 6829 337
834 -4287 834
526 -5368 526
162 5996 162
886 -9117 886
659 -3403 659
93 4732 93
930 -5684 930
295 -4929 295
577 -7918 577
337 4068 337
221 -5416 221
802 3059 802
549 -4376 549
552 7182 552
2 5546 2
80 9455 80
236 -1027 236
424 -7881 424
186 -5095 186
121 7103 121
920 9475 920
398 -165 398
778 7638 778
410 3876 410
971 6010 971
183 212 183
646 -3190 646
67 8433 67
734 -9404 734
863 6867 863
435 1717 435
766 9167 766
282 8326 282
536 3600 536
400 -609 400
224 -6012 224
491 -9990 491
649 6862 649
678 1094 678
376 4817 376
410 7705 410
534 -1377 534
483 5523 483
480 3257 480
945 8481 945
886 3347 886
485 7653 485
596 -6708 596
575 -6685 575
492 5230 492
815 4779 815
115 6978 115
166 -7974 166
386 8887 386
732 -9139 732
439 -6013 439
804 -1181 804
994 1395 994
582 4344 582
928 5945 928
219 -2236 219
519 5262 519
431 5173 431
300 1467 300
92 912 92
146 4628 146
755 7517 755
174 -9345 174
657 -6181 657
32 6618 32
724 7534 724
52 8949 52
14 7195 14
976 -7637 976
993 -9933 993
988 2736 988
624 1157 624
575 1120 575
914 7502 914
158 -5990 158
379 3012 379
951 5803 951
521 -2075 521
567 -8613 567
228 5265 228
852 9535 852
97 896 97
282 3645 282
761 -3012 761
132 1854 132
774 -5615 774
451 -2408 451
451 -7783 451
667 2332 667
42 5367 42
615 7808 615
716 -7161 716
229 -8257 229
899 6316 899
338 3318 338
799 -5755 799
649 7432 649
230 695 230
486 -818 486
677 7371 677
223 -7033 223
378 -330 378
655 -2787 655
825 7279 825
48 3477 48
181 5881 181
32 -6505 32
932 -4693 932
822 -7038 822
197 -7749 197
880 -6506 880
920 -3289 920
525 4754 525
79 2788 79
713 -6702 713
947 7314 947
591 9436 591
816 6770 816
834 6968 834
458 -5872 458
627 -5838 627
156 -7149 156
321 3776 321
639 -7015 639
159 -582 159
415 -2089 415
953 -7461 953
854 -6632 854
887 -7235 887
88 -6273 88
893 -3815 893
386 4496 386
300 9818 300
264 -3475 264
880 8146 880
227 4026 227
296 3572 296
953 9922 953
858 -7250 858
502 6496 502
567 -4417 567
382 8113 382
268 5365 268
677 8723 677
260 1631 260
374 4179 374
583 4790 583
144 6692 144
269 7992 269
802 -3842 802
682 -3405 682
688 -1569 688
518 -210 518
294 4631 294
287 -8687 287
284 -9806 284
809 8749 809
694 -7979 694
924 -386 924
97 -8727 97
748 -6866 748
598 8088 598
334 866 334
238 -2838 238
428 -2305 428
453 -7761 453
329 -468 329
943 -5823 943
903 -7710 903
135 6523 135
355 -1183 355
423 -8717 423
161 -9863 161
171 1227 171
102 -9528 102
831 8194 831
854 2033 854
394 3457 394
530 9260 530
785 2648 785
910 -4412 910
521 -6249 521
356 8629 356
462 3604 462
450 1554 450
906 9335 906
759 3746 759
929 6404 929
437 6093 437
951 8062 951
460 2274 460
901 -1929 901
625 -2634 625
883 -3062 883
306 -5503 306
971 65 971
618 -1419 618
615 -2815 615
799 9180 799
457 7119 457
850 3044 850
712 61 712
146 -4299 146
612 -1944 612
490 -1388 490
706 -264 706
96 8528 96
995 8528 995
289 5523 289
687 4329 687
455 8056 455
714 -2879 714
933 -1550 933
428 -2563 428
904 -8077 904
605 -879 605
582 8516 582
728 -7152 728
91 -3552 91
991 -6541 991
89 -9344 89
174 -6204 174
980 -273 980
756 8470 756
307 -8235 307
839 5097 839
854 2895 854
237 1009 237
378 5154 378
973 -1253 973
149 5479 149
604 -1228 604
293 -6096 293
428 7554 428
848 -5293 848
1000 8077 1000
141 -2433 141
6 -8285 6
669 1468 669
828 2938 828
841 7754 841
677 7764 677
438 -2186 438
851 2201 851
133 -6792 133
138 -2101 138
733 8150 733
260 -6141 260
972 -1457 972
222 -150 222
61 1079 61
456 -9036 456
424 -2380 424
147 5225 147
439 7313 439
281 5821 281
249 7078 249
440 7634 440
905 -4466 905
639 -884 639
641 -3414 641
494 2366 494
176 -8264 176
562 6915 562
578 -46 578
338 -4703 338
187 -4096 187
481 4520 481
829 -8061 829
430 2904 430
862 175 862
64 -4177 64
862 5438 862
916 -2531 916
402 3447 402
356 5621 356
198 -1132 198
859 -884 859
662 9509 662
257 9677 257
91 7643 91
526 4739 526
842 4876 842
201 -5008 201
202 -7299 202
902 -4873 902
709 4704 709
892 -350 892
607 5664 607
334 2810 334
993 6413 993
892 -8883 892
51 -8340 51
441 6478 441
611 9475 611
425 -8232 425
709 2262 709
280 -3725 280
758 6383 758
54 4378 54
498 5942 498
26 8325 26
291 718 291
684 -9584 684
289 7600 289
43 -8825 43
102 -6882 102
505 4718 505
39 107 39
353 -1054 353
761 -1766 761
568 -30 568
141 411 141
147 409 147
636 3071 636
277 -9372 277
802 -3182 802
327 2632 327
261 3930 261
472 -4066 472
93 1251 93
349 2361 349
265 4754 265
414 4076 414
715 3712 715
49 6422 49
765 6304 765
616 -4028 616
827 -7745 827
131 -3701 131
681 3346 681
727 6014 727
682 -5025 682
481 -734 481
608 -2689 608
610 -8035 610
812 6198 812
947 -8613 947
731 9203 731
881 6201 881
386 1840 386
384 2950 384
8 -8235 8
761 -4315 761
43 4298 43
248 -835 248
501 -3945 501
830 -275 830
271 -862 271
773 7627 773
28 -5430 28
419 786 419
557 -8822 557
91 1887 91
640 -8425 640
361 -317 361
646 -4305 646
312 -5249 312
369 -1015 369
928 -4939 928
308 -8197 308
835 2625 835
74 2128 74
847 -8072 847
182 4663 182
173 -3852 173
87 -2817 87
4 9037 4
243 2058 243
430 -6386 430
362 -6835 362
513 3859 513
859 -1749 859
559 -1055 559
306 -3459 306
695 -3886 695
651 4332 651
313 3624 313
240 -7780 240
103 2217 103
122 2479 122
640 -6658 640
780 4319 780
55 813 55
15 8399 15
891 5952 891
231 -2004 231
822 1425 822
809 -4315 809
464 2669 464
727 -181 727
630 -2602 630
869 -174 869
619 3704 619
817 -6241 817
281 -5112 281
761 1270 761
574 1837 574
37 -8187 37
696 -2584 696
847 -7164 847
718 8391 718
122 3037 122
105 -1412 105
73 -6482 73
213 2476 213
984 -165 984
740 -8356 740
200 -9298 200
366 2337 366
184 -1994 184
968 -5543 968
344 5174 344
628 -7919 628
871 -6810 871
777 -2188 777
149 8150 149
82 7182 82
847 -8496 847
220 5058 220
520 -187 520
32 1475 32
7 -6817 7
673 -8620 673
685 4232 685
801 -1653 801
56 5317 56
240 737 240
373 8160 373
198 7130 198
672 5573 672
167 1428 167
358 -6045 358
615 -2554 615
763 8790 763
987 9944 987
924 -2893 924
884 4628 884
711 9400 711
285 4695 285
893 -9416 893
189 -4142 189
244 -9537 244
693 5510 693
976 2566 976
365 4436 365
426 2737 426
999 -8580 999
325 7421 325
710 -1552 710
458 -5563 458
366 -6322 366
786 3102 786
82 8167 82
549 7928 549
255 -482 255
686 6849 686
424 -1982 424
260 -7556 260
900 -7487 900
21 741 21
985 -3452 985
368 -5098 368
985 8582 985
899 6859 899
619 -4546 619
688 -4853 688
470 -6712 470
659 -8232 659
616 5724 616
442 8871 442
765 900 765
739 -3488 739
93 -3304 93
230 -9256 230
550 4870 550
883 1684 883
933 7265 933
207 -190 207
890 6338 890
228 -612 228
572 5247 572
307 -5002 307
213 -8922 213
721 -2842 721
640 9744 640
318 -9185 318
939 -6778 939
275 -6523 275
517 4265 517
46 2421 46
921 -2653 921
193 -7873 193
265 5170 265
246 -5563 246
43 640 43
106 67 106
392 9913 392
187 4956 187
303 -9972 303
704 8928 704
466 -5630 466
501 -3817 501
998 -5208 998
481 -8770 481
803 -4992 803
199 1533 199
773 -5848 773
399 -400 399
611 7300 611
908 2606 908
681 -412 681
581 -2538 581
659 1216 659
443 9303 443
543 -7334 543
796 8458 796
885 -3540 885
75 2234 75
404 -4793 404
135 9909 135
359 -3000 359
450 -8156 450
1 -7961 1
307 -2544 307
573 1117 573
503 -1151 503
767 7558 767
548 -6544 548
160 1154 160
541 -7441 541
217 7435 217
720 2471 720
506 1643 506
839 -5425 839
33 7600 33
67 1684 67
46 -9298 46
519 4520 519
120 -1952 120
505 -7641 505
679 8012 679
215 8440 215
90 -6721 90
163 -5913 163
540 -1165 540
863 8610 863
724 5770 724
319 -3778 319
253 6198 253
292 -8787 292
276 -6141 276
705 2985 705
904 -6634 904
867 -6786 867
91 162 91
848 -6721 848
645 -6635 645
978 7511 978
667 -8253 667
846 6316 846
718 -2012 718
381 4737 381
550 -6290 550
585 5496 585
809 7604 809
240 7231 240
9 -5735 9
724 7726 724
310 6250 310
64 478 64
39 9615 39
144 1273 144
414 9847 414
273 -9957 273
570 7075 570
26 6969 26
737 3891 737
110 3545 110
468 -6973 468
729 128 729
113 -4701 113
139 7274 139
315 -3750 315
811 -8092 811
620 1119 620
203 1807 203
702 1866 702
180 6559 180
467 4851 467
583 1845 583
855 4453 855
401 6540 401
880 5148 880
325 7170 325
996 -1330 996
302 3630 302
704 5118 704
224 -1670 224
202 -3652 202
366 -9088 366
725 -529 725
808 -9437 808
237 -2215 237
865 7375 865
429 3282 429
20 -6277 20
457 8443 457
689 -8042 689
43 -7256 43
134 -1800 134
741 -8801 741
547 735 547
68 -4640 68
146 4826 146
682 4846 682
365 -7495 365
533 -4815 533
366 3202 366
834 680 834
475 -4584 475
615 -2980 615
412 -9547 412
863 463 863
631 -4237 631
229 9119 229
128 7163 128
707 3413 707
919 489 919
593 8291 593
720 -7741 720
273 -3258 273
276 -2953 276
716 3293 716
976 9939 976
821 1128 821
807 6966 807
930 -4557 930
325 -8094 325
917 -1548 917
851 8664 851
863 3395 863
17 -9871 17
382 1196 382
829 -2492 829
872 -1536 872
464 -5267 464
415 3808 415
66 1621 66
707 2296 707
355 -10 355
702 7438 702
293 5942 293
90 2895 90
129 5787 129
635 2467 635
369 6416 369
955 -569 955
218 484 218
362 -1620 362
101 -3581 101
2 -5668 2
622 -6731 622
874 5711 874
464 7781 464
268 3621 268
714 -4523 714
170 -9985 170
408 1488 408
555 -4952 555
855 2225 855
625 4172 625
493 2470 493
80 7061 80
535 2515 535
443 4864 443
536 -2785 536
887 -1972 887
861 4678 861
785 9423 785
713 7038 713
428 6551 428
731 -9335 731
543 4941 543
910 2994 910
952 -843 952
948 -6295 948
219 8044 219
455 -4322 455
937 -2918 937
806 -6900 806
130 -4204 130
990 -54 990
169 5729 169
175 4816 175
798 669 798
160 3804 160
663 -6087 663
732 -6285 732
544 -6228 544
370 -8465 370
18 -2287 18
757 -32 757
678 -4207 678
309 -27 309
514 6514 514
375 -937 375
258 1942 258
81 -4100 81
249 5805 249
949 -6398 949
641 -5242 641
790 5889 790
926 -5699 926
853 9925 853
371 5563 371
206 5934 206
281 1343 281
403 -6831 403
934 -2090 934
561 4684 561
541 5955 541
431 1626 431
420 2462 420
712 4994 712
735 -5134 735
573 9262 573
586 -9457 586
28 3794 28
980 -633 980
917 2988 917
690 -3643 690
852 -2088 852
327 5085 327
513 1741 513
729 3618 729
673 -2225 673
764 5038 764
563 1773 563
545 3071 545
622 -5868 622
99 374 99
145 -7135 145
969 8012 969
246 -546 246
220 5254 220
22 2422 22
149 -965 149
762 2389 762
923 -8422 923
112 7979 112
577 -8847 577
707 1082 707
907 4898 907
826 -5937 826
155 -5199 155
497 -300 497
137 8143 137
92 5342 92
468 -2775 468
207 4897 207
717 5955 717
228 4452 228
915 -1095 915
5 2668 5
404 -2680 404
654 -3481 654
44 -3519 44
812 -6717 812
567 -8573 567
929 -7600 929
652 -5822 652
829 -1668 829
671 6026 671
969 481 969
85 3372 85
619 -1557 619
724 4174 724
665 -3026 665
983 4919 983
310 -9593 310
3 985 3
394 -2193 394
455 3101 455
497 -7468 497
572 8033 572
687 -1808 687
743 -6769 743
861 403 861
51 -5172 51
566 5057 566
55 9195 55
170 -2059 170
876 -4322 876
114 77 114
638 5275 638
85 -6237 85
111 -4301 111
42 9203 42
122 -4279 122
54 -1627 54
255 -8954 255
92 -9137 92
317 298 317
732 -7252 732
165 -6230 165
647 -3481 647
688 -3056 688
820 3946 820
354 8784 354
374 -6253 374
550 -172 550
603 -8360 603
387 6928 387
980 3464 980
518 -503 518
304 2980 304
130 -4138 130
462 -9387 462
759 4316 759
340 783 340
523 9074 523
127 4611 127
299 7332 299
551 -3529 551
920 2295 920
29 -639 29
638 7618 638
384 -3668 384
15 -2040 15
261 -6511 261
61 153 61
622 -9398 622
885 7481 885
104 306 104
303 1656 303
30 4263 30
394 -4784 394
436 -8535 436
68 1220 68
13 -6424 13
796 9223 796
589 7500 589
47 1934 47
203 -7947 203
744 5782 744
814 -9736 814
592 1063 592
713 -8100 713
896 -7918 896
682 -7436 682
149 3478 149
417 -9557 417
822 -6202 822
250 -8792 250
560 1415 560
320 -8328 320
711 9606 711
360 -8384 360
48 6685 48
371 6458 371
402 -3154 402
90 5765 90
354 -8410 354
541 6509 541
564 -4417 564
854 8263 854
782 -8896 782
602 8756 602
482 9694 482
218 -7271 218
352 -7185 352
332 6038 332
542 -5230 542
346 -2051 346
517 -9486 517
264 4290 264
594 -3324 594
656 -9905 656
364 -4546 364
524 812 524
395 6999 395
994 4690 994
633 -6866 633
