1000
619 -609 619
684 1039 684
515 3725 515
893 -7524 893
600 3917 600
587 8245 587
989 -1679 989
132 -526 132
739 -982 739
180 1746 180
241 -3260 241
543 7156 543
58 -9211 58
968 6309 968
142 -2831 142
104 -3860 104
975 -5783 975
256 7903 256
153 5608 153
108 -6822 108
977 -9930 977
651 148 651
631 4713 631
867 -5933 867
63 -2817 63
403 6687 403
788 -6168 788
528 2863 528
118 -2338 118
693 -1550 693
307 -6182 307
749 -4305 749
620 -4308 620
137 -2790 137
407 8788 407
531 3127 531
837 5865 837
917 -9786 917
511 -7622 511
754 -4751 754
359 8921 359
257 -5189 257
378 -2872 378
56 -213 56
740 -7073 740
435 -9543 435
304 7173 304
736 -3816 736
429 6107 429
641 -5250 641
486 9834 486
528 -3168 528
339 3673 339
953 4653 953
686 8090 686
797 -5872 797
110 1306 110
910 7284 910
731 -8542 731
587 -7463 587
418 -8219 418
165 -4638 165
826 2469 826
522 -5228 522
25 -9206 25
239 -4533 239
913 -3409 913
305 9691 305
122 -2092 122
445 -1621 445
824 4860 824
472 2102 472
994 -4236 994
912 -1158 912
409 2973 409
17 -7719 17
513 -3890 513
160 -3226 160
609 8477 609
386 4776 386
569 5335 569
970 -4841 970
999 -2919 999
507 -2882 507
712 9391 712
784 6788 784
418 1561 418
384 6678 384
546 7028 546
671 7044 671
982 -6054 982
726 -1582 726
697 5366 697
676 9822 676
727 -1889 727
710 2415 710
204 94 204
703 8218 703
896 1878 896
261 8883 261
397 -9842 397
817 -1292 817
720 -5405 720
155 -7620 155
424 -7105 424
686 -3276 686
619 3560 619
300 5603 300
678 -1816 678
573 602 573
69 -7657 69
990 -7076 990
942 5655 942
649 -8577 649
461 5531 461
537 -2623 537
548 8187 548
393 5109 393
846 -8650 846
671 5176 671
292 6661 292
655 9280 655
46 -5385 46
305 5313 305
12 -9999 12
694 6943 694
467 5363 467
779 6046 779
139 -4133 139
255 1751 255
925 2891 925
570 8628 570
850 -4733 850
377 -385 377
892 5133 892
802 -5873 802
472 611 472
582 1144 582
424 -961 424
668 -917 668
638 9181 638
584 6119 584
89 -6831 89
871 -727 871
961 -6241 961
462 -503 462
926 -832 926
946 -5160 946
309 8272 309
249 355 249
342 1113 342
753 2198 753
142 5532 142
48 -5013 48
589 2188 589
539 9112 539
222 6907 222
606 665 606
197 3281 197
954 5837 954
762 -551 762
427 -5977 427
370 3372 370
509 -5755 509
716 9516 716
622 -5882 622
423 -3736 423
807 -397 807
46 7214 46
10 -6446 10
615 -9541 615
847 7814 847
619 -7657 619
33 -1033 33
612 -7046 612
194 -4015 194
340 9461 340
624 2777 624
131 -5242 131
725 789 725
805 7092 805
341 -1777 341
767 953 767
73 -7395 73
601 -2155 601
219 6431 219
484 -6390 484
886 7274 886
263 3380 263
383 -3087 383
897 1670 897
283 -7247 283
389 8322 389
900 -7512 900
668 -7480 668
159 3233 159
930 2257 930
297 -9879 297
882 -4097 882
47 -7757 47
19 -1837 19
871 7107 871
104 6603 104
872 -4293 872
950 -5652 950
297 -9840 297
43 7296 43
377 4524 377
852 9987 852
446 2323 446
527 7362 527
403 9281 403
613 8858 613
101 -6078 101
244 -4810 244
357 -729 357
367 9849 367
339 13 339
246 2812 246
378 -6896 378
87 5262 87
826 -4840 826
783 967 783
961 -2622 961
357 1319 357
16 -3606 16
641 8664 641
942 -9442 942
85 -7028 85
238 -7632 238
196 -9067 196
565 8514 565
332 4868 332
491 -7447 491
48 -947 48
785 4668 785
347 -6568 347
460 -1556 460
41 8436 41
252 -5780 252
407 9872 407
371 -5392 371
924 -3137 924
236 6324 236
732 -4579 732
644 9214 644
234 7581 234
209 -1959 209
850 -2516 850
830 180 830
865 -7494 865
903 835 903
937 438 937
507 2510 507
470 -7170 470
226 -5230 226
273 -3703 273
411 -6416 411
947 2302 947
548 -2919 548
485 1539 485
628 -2705 628
916 6399 916
378 -9270 378
288 -6527 288
746 -1278 746
260 -7816 260
667 -111 667
358 7482 358
740 8406 740
243 31 243
166 -3110 166
695 -3043 695
901 -28 901
759 584 759
807 9385 807
272 2970 272
590 7792 590
962 5463 962
174 -7969 174
558 2096 558
625 7776 625
266 -7370 266
642 4347 642
193 -5606 193
371 -8769 371
63 4995 63
189 5584 189
757 -8600 757
104 6040 104
494 3022 494
331 -4049 331
707 7068 707
162 -7908 162
739 3468 739
686 9418 686
365 -5658 365
291 -5197 291
691 7786 691
794 5541 794
775 -1723 775
448 -6485 448
617 2007 617
81 -3761 81
745 4659 745
898 9556 898
980 7449 980
688 -3619 688
493 5402 493
475 -4626 475
888 8357 888
156 -7665 156
724 -3732 724
82 1642 82
824 969 824
752 -490 752
16 6667 16
506 -4278 506
946 -5780 946
351 -1251 351
82 -186 82
925 -1179 925
80 108 80
727 4260 727
305 -3450 305
154 365 154
347 -9978 347
636 -7087 636
659 1400 659
812 8401 812
730 -6583 730
271 7588 271
665 -8448 665
911 -2441 911
901 -7065 901
873 -3050 873
490 7216 490
938 2247 938
281 6188 281
321 5596 321
471 7991 471
635 -4357 635
194 -1537 194
284 8 284
36 4538 36
18 5567 18
426 9485 426
800 -1841 800
300 6705 300
385 -7622 385
176 6960 176
319 -5218 319
690 -4095 690
455 2544 455
805 -770 805
746 -1724 746
742 -320 742
810 -4560 810
810 -394 810
685 6551 685
79 -8527 79
689 -8793 689
805 -4155 805
597 2714 597
255 -6811 255
872 -8055 872
963 -207 963
464 5171 464
963 -2027 963
26 -8006 26
933 3149 933
768 3039 768
731 8013 731
101 4656 101
242 1960 242
845 1513 845
89 -2947 89
481 -4626 481
478 -5620 478
489 30 489
990 4276 990
658 -5281 658
880 -9881 880
467 6555 467
20 3818 20
733 -8976 733
643 139 643
822 983 822
826 7429 826
809 3976 809
436 -3198 436
371 3613 371
318 -2122 318
345 -3410 345
454 411 454
111 2463 111
842 2438 842
453 4393 453
866 -7025 866
983 5412 983
19 7891 19
638 9768 638
612 842 612
430 7036 430
138 -3625 138
386 -976 386
103 -4585 103
69 298 69
219 -6651 219
362 -5492 362
238 -9980 238
9 -8934 9
937 9928 937
851 -1364 851
865 -8826 865
674 644 674
410 4690 410
105 4692 105
163 -2149 163
410 -9338 410
326 3729 326
413 -2348 413
884 5636 884
327 -2423 327
523 -5032 523
865 -485 865
163 8291 163
737 -708 737
234 -4313 234
331 3488 331
33 7319 33
222 -4127 222
722 -5157 722
331 2874 331
401 -9699 401
773 7892 773
539 1735 539
786 4483 786
886 908 886
137 2122 137
37 1618 37
980 2361 980
9 8458 9
454 -9751 454
385 6358 385
409 -8251 409
581 64 581
72 -6977 72
883 -1876 883
750 5450 750
889 -8468 889
467 4243 467
822 -4785 822
128 -5984 128
407 -2652 407
316 9193 316
349 8935 349
393 -3343 393
368 -3272 368
91 9540 91
80 -915 80
796 420 796
648 -9477 648
250 1103 250
678 -159 678
370 2082 370
539 8361 539
209 -3082 209
445 -4129 445
243 249 243
686 1099 686
116 -6370 116
884 -5734 884
107 1807 107
419 2094 419
557 8226 557
27 609 27
54 9304 54
564 -5791 564
252 3058 252
120 -2338 120
476 3137 476
621 4574 621
316 -1127 316
313 7419 313
807 -7826 807
577 4025 577
363 -4857 363
145 -8472 145
474 -2112 474
903 -7346 903
705 1691 705
573 7205 573
424 -3963 424
799 4245 799
432 -710 432
633 9711 633
22 -9835 22
565 5634 565
592 -5100 592
8 8691 8
517 6584 517
483 6828 483
728 3677 728
155 2317 155
649 -2725 649
485 1004 485
420 -8664 420
968 -7283 968
835 -6758 835
950 966 950
972 3930 972
55 514 55
129 -4691 129
891 4081 891
780 -2815 780
679 -2895 679
265 -6012 265
741 -4572 741
443 -1886 443
472 3485 472
360 -7358 360
192 8520 192
914 -7506 914
476 -9022 476
168 -1387 168
283 -8284 283
829 -6529 829
144 -1188 144
621 5027 621
775 803 775
334 6655 334
308 -4784 308
238 -8371 238
427 -1522 427
185 -8200 185
478 1660 478
643 6621 643
690 3404 690
939 -6853 939
572 6842 572
319 8293 319
385 2690 385
913 6147 913
889 -981 889
528 -4366 528
389 2310 389
767 -179 767
329 -2247 329
195 -5899 195
134 -499 134
676 -5335 676
463 -8651 463
358 -3341 358
144 5736 144
771 1063 771
796 9493 796
34 -8722 34
268 8024 268
980 -9995 980
593 -7159 593
393 -3497 393
195 -5379 195
589 -538 589
972 -2314 972
832 3738 832
352 9657 352
777 -1415 777
261 8710 261
220 2807 220
520 -8447 520
644 2019 644
849 -6331 849
483 -4770 483
40 -3988 40
342 2159 342
492 4326 492
859 4164 859
589 -4752 589
283 -7157 283
66 1379 66
64 -6154 64
851 -8762 851
656 4601 656
850 -585 850
113 -4877 113
316 6407 316
736 1331 736
946 8713 946
744 8910 744
36 -3884 36
354 -5896 354
296 635 296
863 -2950 863
711 612 711
78 -6944 78
921 -8350 921
692 8974 692
705 1980 705
486 2046 486
786 2788 786
37 -1378 37
863 4311 863
256 -3227 256
306 -7328 306
656 6608 656
527 -1692 527
392 -488 392
770 -8770 770
777 -4502 777
142 644 142
400 11 400
569 -6277 569
364 2159 364
115 -3783 115
909 4313 909
232 -1301 232
228 613 228
833 -7396 833
970 -9546 970
163 -3147 163
162 6994 162
150 -7300 150
275 6017 275
40 10000 40
158 5751 158
37 -9508 37
812 5592 812
639 1698 639
635 7481 635
787 -4235 787
379 -2337 379
826 -7154 826
339 1309 339
691 9158 691
4 7510 4
309 8541 309
329 -7228 329
487 7317 487
176 4786 176
393 1634 393
524 -3835 524
660 8404 660
321 3992 321
26 6611 26
91 2159 91
340 -3457 340
678 6 678
77 -2156 77
788 6984 788
633 6287 633
635 4792 635
266 -3368 266
820 3966 820
707 9935 707
921 437 921
126 -3308 126
423 -9601 423
62 7497 62
398 5704 398
589 -2303 589
787 7415 787
100 6186 100
777 9913 777
637 -9283 637
927 -3817 927
20 8518 20
503 1960 503
563 -4292 563
395 9907 395
443 6414 443
358 3468 358
296 8503 296
950 -1116 950
336 -8380 336
876 -3154 876
72 640 72
716 3811 716
704 7700 704
68 -6751 68
195 -4652 195
987 -9596 987
468 -9237 468
354 -849 354
425 -1876 425
596 2487 596
585 383 585
5 -6255 5
329 1598 329
212 338 212
710 -6446 710
843 -6589 843
248 6898 248
268 9401 268
492 8883 492
396 665 396
587 1576 587
276 6558 276
500 7578 500
89 4711 89
453 9365 453
597 3167 597
169 -8003 169
409 -4173 409
703 3305 703
718 -4062 718
372 532 372
188 -4104 188
935 4828 935
182 -8250 182
407 -8736 407
498 9856 498
150 -3556 150
783 5702 783
296 -1586 296
553 -5276 553
131 -597 131
756 -3546 756
422 7330 422
199 -9338 199
692 8899 692
178 9581 178
590 1304 590
244 -3743 244
970 -4916 970
356 -2713 356
947 -4054 947
137 5584 137
957 6713 957
354 470 354
358 5690 358
427 6813 427
869 -2116 869
873 -4000 873
288 3025 288
824 6436 824
146 2523 146
781 1906 781
697 4023 697
784 1024 784
396 2342 396
664 -4274 664
135 5645 135
532 3028 532
843 1503 843
43 -2607 43
518 -5306 518
742 3087 742
734 -5337 734
911 -3219 911
220 1064 220
19 8253 19
963 7093 963
407 -2783 407
634 -1686 634
517 -7755 517
424 8677 424
778 -9965 778
191 -5439 191
381 -3152 381
974 6168 974
1000 -8184 1000
45 7847 45
619 -4728 619
106 1623 106
23 1564 23
477 7665 477
552 -9037 552
25 -3012 25
959 3421 959
808 -7443 808
628 -9999 628
908 -7424 908
319 5386 319
975 -8037 975
936 4922 936
404 7955 404
447 2236 447
620 5375 620
322 -2429 322
646 5115 646
905 -602 905
66 8752 66
548 6550 548
922 883 922
760 -6671 760
644 -4971 644
149 8725 149
350 5004 350
655 -8957 655
506 -2363 506
349 -7153 349
524 -2634 524
899 8471 899
722 1888 722
619 -1861 619
157 3045 157
974 3148 974
402 7180 402
803 3934 803
178 -7001 178
432 -8374 432
847 9327 847
132 6613 132
928 -3845 928
311 -3373 311
543 7480 543
922 -1773 922
98 -1888 98
700 -7774 700
846 2434 846
48 6718 48
128 -4650 128
414 1414 414
471 -2739 471
760 -681 760
449 5836 449
188 3507 188
459 8471 459
773 -5626 773
978 2207 978
848 2681 848
470 -3577 470
751 5390 751
492 9104 492
496 -1476 496
637 3483 637
116 -4795 116
661 -6960 661
769 -5368 769
803 -1735 803
674 -30 674
195 8836 195
742 1850 742
771 -2326 771
514 -1954 514
808 -8085 808
165 2347 165
269 3644 269
851 -4727 851
904 4641 904
963 -1726 963
583 8309 583
929 4467 929
799 -11 799
231 7958 231
186 5929 186
491 -4966 491
626 -6561 626
50 6169 50
299 8953 299
235 9642 235
422 -5685 422
446 -9345 446
379 1192 379
366 4850 366
353 2712 353
952 2172 952
212 -6178 212
374 5856 374
408 -4883 408
9 6691 9
349 3277 349
653 3303 653
970 5782 970
161 7552 161
919 5341 919
982 7536 982
686 -420 686
543 4762 543
838 -1022 838
991 -348 991
200 2575 200
701 1602 701
205 7918 205
891 3817 891
305 -5452 305
824 5105 824
356 -7945 356
241 -3404 241
516 -3640 516
316 -5721 316
18 -5148 18
250 -750 250
49 7623 49
307 -2949 307
568 5723 568
467 -5427 467
429 -9525 429
576 8551 576
145 4642 145
694 -6768 694
673 4371 673
616 214 616
849 4799 849
754 -6118 754
931 8338 931
293 -6081 293
249 -9615 249
999 -1298 999
429 317 429
663 2495 663
642 6472 642
595 6886 595
456 6432 456
118 -1960 118
74 2545 74
810 5387 810
104 -7602 104
730 -8376 730
622 9955 622
141 -4249 141
756 6859 756
837 2352 837
11 -1165 11
333 4182 333
28 6092 28
268 -9851 268
739 -314 739
326 5539 326
322 -3703 322
847 -5815 847
216 5484 216
711 -9658 711
386 6218 386
13 -731 13
989 2551 989
975 -7274 975
886 8565 886
671 -5148 671
324 -1697 324
711 -9792 711
6 2521 6
545 -2974 545
4 -7270 4
662 -4741 662
86 3753 86
49 171 49
768 4963 768
843 7510 843
54 9507 54
176 3291 176
413 -9891 413
611 8701 611
740 2108 740
323 3841 323
201 -6018 201
212 3205 212
966 -7779 966
922 10000 922
550 1803 550
909 9685 909
493 8670 493
70 -4537 70
182 4962 182
610 8545 610
430 8841 430
649 5149 649
17 8662 17
689 8055 689
287 7061 287
56 -2552 56
251 6013 251
922 9819 922
72 9182 72
908 -3862 908
729 -6538 729
440 9263 440
966 -8967 966
542 -6808 542
214 3165 214
608 -7044 608
529 3708 529
154 -6222 154
431 686 431
204 9036 204
617 6891 617
253 412 253
857 6599 857
235 -6225 235
952 -4754 952
406 -5438 406
358 -3182 358
547 8699 547
2 1827 2
575 8404 575
311 3128 311
466 3703 466
880 4482 880
991 -7663 991
999 -4844 999
220 3090 220
969 5927 969
862 9756 862
807 5883 807
456 8091 456
443 2868 443
750 -1497 750
637 3967 637
391 7286 391
