1000
2762 -183 10
-3790 -3834 10
2129 4448 10
-3860 -2738 10
1078 -5622 10
-5816 288 10
3289 4425 10
1856 9026 10
-1006 -5795 10
8248 -6164 10
2127 -695 10
6738 3464 10
-511 7509 10
468 -4243 10
-8003 6051 10
-7270 -251 10
9784 -3674 10
2989 7245 10
-2141 3318 10
556 4211 10
-9119 492 10
1784 -1851 10
349 -1397 10
8009 6875 10
6336 -1851 10
5670 -8209 10
-5628 6291 10
-7232 -7518 10
-7058 9692 10
-8803 -43 10
-9492 4066 10
-4478 -2134 10
9959 8388 10
-1159 -6830 10
8779 -1879 10
-7569 2297 10
-7234 -4340 10
-8430 -3714 10
-4503 -1315 10
-7862 7444 10
1958 -8215 10
-7183 3353 10
8775 -9334 10
174 8077 10
-1180 8363 10
5789 5192 10
-2229 -521 10
-4624 -1223 10
5720 5873 10
3609 7943 10
-4435 -437 10
9923 1813 10
-6867 -3270 10
2838 6626 10
4019 3718 10
-1289 -5946 10
8941 -9538 10
7397 3378 10
-2687 8887 10
-5283 -2291 10
2451 4317 10
-8438 7922 10
-2145 5681 10
-884 644 10
6893 -611 10
-2167 -3467 10
-9250 9912 10
884 2194 10
-4523 5422 10
1818 2149 10
-6314 -5458 10
-6607 2515 10
-7414 -9482 10
8699 -6944 10
3379 2648 10
-9699 9365 10
-9993 8707 10
-4120 -2419 10
-5588 5666 10
8641 -4893 10
-9501 2974 10
-6398 -6517 10
-9509 6237 10
-1112 -3696 10
-9989 693 10
-589 8259 10
-5725 -8521 10
-9609 9636 10
1904 5308 10
-3122 -7648 10
-9053 -5212 10
2950 -2117 10
6263 -6090 10
-525 5943 10
-9059 -8113 10
3203 -4122 10
-1343 7428 10
6837 -6105 10
-5456 3082 10
-5203 -2379 10
-7935 -1474 10
-6909 8316 10
-4376 -2172 10
1191 6624 10
1247 7872 10
-4073 7673 10
7001 9107 10
7559 721 10
2869 1595 10
1050 9953 10
6680 -9935 10
-3022 -1868 10
-9948 -9367 10
5547 -7361 10
8409 -2073 10
-8214 6096 10
-9668 4057 10
-9349 2020 10
-8336 7047 10
-6710 3856 10
50 -4491 10
-3088 -8541 10
3660 -3813 10
-803 1766 10
4073 -7792 10
-7947 -8793 10
-3016 827 10
1339 -6492 10
-3263 1886 10
8000 2528 10
4329 -8204 10
4011 7020 10
-9454 -1470 10
-9840 -9572 10
4268 -8426 10
-286 7645 10
-615 6905 10
4346 483 10
-837 -9749 10
9604 6146 10
4529 5992 10
4263 7661 10
-8085 -3264 10
2768 -3934 10
4356 -12 10
-4367 7767 10
4814 8446 10
-5867 -3552 10
5672 1604 10
366 3306 10
-3984 -1382 10
2608 -9511 10
-9099 -652 10
-9224 6457 10
2815 4459 10
-6338 -8136 10
7410 -2880 10
-6186 9975 10
-4488 -5678 10
-2643 -3655 10
9425 632 10
-6651 -5392 10
8881 2691 10
-7476 7037 10
5945 -844 10
5408 -8788 10
573 3623 10
2581 -1622 10
2656 4596 10
1456 -944 10
-6565 -8626 10
7223 -4854 10
-5719 -7448 10
-610 4993 10
-8678 3845 10
-4122 -5751 10
-9667 4782 10
-8932 9781 10
4589 -6149 10
-5075 6817 10
-4876 206 10
6403 205 10
979 8616 10
9609 7489 10
7151 1091 10
194 -6159 10
-226 -363 10
881 -4373 10
9590 -8968 10
5730 2141 10
5275 -6724 10
4479 -2111 10
-8795 8064 10
228 6282 10
-6745 9799 10
-9313 -7759 10
7414 2408 10
-1026 -1851 10
5553 -5013 10
2864 2392 10
-6079 9524 10
3966 5848 10
2865 4434 10
-8070 -7041 10
8811 8609 10
3382 421 10
-7537 8477 10
-3490 5940 10
937 -7420 10
2474 -3082 10
-6826 -6592 10
2798 692 10
-3260 8773 10
6880 -6067 10
-5702 2330 10
8239 -8623 10
-7516 -3214 10
-2997 6415 10
-452 6851 10
9773 -7660 10
448 8609 10
6753 9953 10
7262 -7659 10
1815 -3646 10
8523 -7261 10
681 -3484 10
-2115 -9827 10
2645 -5667 10
-3378 -179 10
-6876 4475 10
-9484 -9932 10
-5361 -1539 10
3174 -6492 10
6907 1415 10
-6461 -4672 10
3026 -1554 10
-968 -9115 10
-3322 3393 10
-3207 2363 10
-1268 -7883 10
3022 8395 10
-7835 8045 10
-1357 -9453 10
4704 -4270 10
1924 7600 10
-8212 -6184 10
-1467 8560 10
5204 -7888 10
5383 -9482 10
839 -8145 10
-8565 -6061 10
-2691 -7281 10
9137 -6514 10
-7009 8683 10
-1165 -7990 10
-7752 5400 10
-3651 4218 10
-783 5493 10
8010 7648 10
-9744 -8208 10
-5004 3535 10
-8729 1175 10
200 2458 10
1013 -7313 10
-9888 -9397 10
994 -1137 10
-3059 -5339 10
-731 -9591 10
-2816 -1891 10
-281 4047 10
-390 -2916 10
1417 3376 10
-1559 -5981 10
-9372 -9256 10
785 7381 10
2641 -7367 10
-7653 7672 10
-500 6474 10
-2476 2763 10
-9808 9134 10
-4464 2435 10
2082 -8370 10
4932 6917 10
4706 -5902 10
4447 -6298 10
-5758 5635 10
6245 3088 10
8496 -4693 10
8125 4394 10
8289 -2095 10
-8472 1122 10
-9243 3102 10
3636 -6136 10
2087 6020 10
-9295 5634 10
-3294 2093 10
5837 6867 10
-4497 8398 10
8074 7517 10
-1177 4543 10
3237 1633 10
-1255 -7387 10
-6621 -5160 10
9497 -9151 10
-6446 1793 10
-4173 -5403 10
-4383 2199 10
7275 -3898 10
3367 9508 10
741 -9450 10
8357 -8736 10
-2687 -7429 10
-6452 -533 10
5732 1942 10
6770 8603 10
5580 2977 10
-386 -8943 10
3661 -2603 10
-5857 -5190 10
-9245 5121 10
9283 8525 10
-3258 -9393 10
6212 1260 10
-8779 3159 10
-3052 -6919 10
8592 2157 10
3306 -8327 10
4554 5856 10
-651 -9570 10
5085 -2437 10
-53 -3469 10
-8430 -5587 10
-804 -7316 10
8512 -5166 10
1990 -895 10
40 1923 10
1121 -9861 10
-81 -6121 10
6359 5561 10
-8386 -3866 10
-8999 -1873 10
8096 -6463 10
-2383 -7484 10
5001 -5468 10
-7559 -4951 10
-4870 1129 10
-7997 -3910 10
9391 3320 10
-3776 1039 10
-1495 6641 10
-7515 -3424 10
-1796 2767 10
-7610 757 10
1998 5591 10
7941 1277 10
8110 1586 10
4848 5668 10
5261 -3549 10
9035 -3239 10
8176 -4057 10
1061 -3186 10
2244 7060 10
2655 4141 10
-8896 -9966 10
-9890 2876 10
88 1968 10
-9545 -5105 10
-8410 -4011 10
-4681 8361 10
4688 9446 10
2848 5333 10
7442 6048 10
-8353 988 10
-5660 -9736 10
9635 6690 10
6690 4941 10
7896 2365 10
-620 -3642 10
-6625 -5633 10
-4217 -3998 10
-1933 -8265 10
6451 -6044 10
-5454 7274 10
9867 5944 10
4506 -5698 10
430 -5263 10
-6315 -6779 10
-2037 8715 10
514 -5313 10
6426 7943 10
-1145 1 10
-6163 3588 10
6492 886 10
715 -9203 10
-475 5985 10
6722 1659 10
3669 -9873 10
6528 -989 10
8471 9265 10
6508 -5777 10
1295 8729 10
8203 5321 10
-1775 -2303 10
-1083 9282 10
1585 -4203 10
9428 -9747 10
-1892 8416 10
4381 1362 10
7323 5598 10
8726 -169 10
-1474 2317 10
3264 1606 10
6944 -1775 10
-5343 6770 10
8893 5634 10
1513 9741 10
9433 5683 10
9702 -6015 10
1447 6075 10
6744 -126 10
-7637 -1087 10
6814 -3058 10
8357 6292 10
6322 75 10
-5495 -9119 10
-7922 -6127 10
4998 -3375 10
-8423 6569 10
-2110 -9212 10
-5172 -4066 10
-6167 -8068 10
-799 -1717 10
-5789 -5532 10
4361 149 10
-6625 -8560 10
-5696 3928 10
-9645 -4430 10
4816 -2521 10
-1002 7704 10
7263 -1519 10
6812 1854 10
3591 -6210 10
5096 -4702 10
5384 8378 10
-3479 -9398 10
7671 5071 10
2905 -515 10
2674 5266 10
7592 6992 10
-5280 -314 10
2200 -7627 10
-2477 -2138 10
1883 -9429 10
-7114 9617 10
-5842 4174 10
-6271 891 10
5591 9188 10
-1674 -4475 10
-667 3646 10
-4809 8423 10
-2719 2270 10
7550 6351 10
-2543 6984 10
5765 -4484 10
-5361 11 10
-1400 -4835 10
-6194 2505 10
-3724 7988 10
4247 29 10
-9541 -6051 10
7372 -145 10
8319 332 10
-5568 -1883 10
-6525 7745 10
3150 -3873 10
-60 -6191 10
-2210 8839 10
-9498 151 10
2393 2495 10
-9505 4131 10
-3674 7888 10
3266 6978 10
-9577 -7934 10
9974 1419 10
-2492 1635 10
2252 6168 10
-6261 2135 10
-7781 -3434 10
-8991 -8814 10
-6053 8336 10
3540 -460 10
-5643 -7299 10
-1919 8035 10
-1582 -434 10
-6913 -6099 10
-1147 -9834 10
9853 -2370 10
8429 5014 10
1535 -8850 10
-8968 -9115 10
-2622 -6981 10
-3624 9071 10
9289 -4081 10
327 -558 10
-9805 5296 10
1897 2904 10
-9180 683 10
-1229 -2830 10
8417 -5434 10
6147 -649 10
-2884 6284 10
-9528 -9303 10
-4125 -880 10
-9168 944 10
-2217 -4030 10
-5455 -4752 10
-2078 -7847 10
-7294 2269 10
3126 -1206 10
-7208 9666 10
2641 2853 10
-5132 1367 10
-6634 -8266 10
-8538 -3756 10
6850 -2552 10
-196 -7583 10
-7717 -7061 10
3839 2763 10
-4914 -3709 10
-7489 7371 10
-1479 4534 10
9802 -2654 10
1636 -4795 10
-890 7180 10
5142 -9161 10
-5252 -4998 10
-4147 2201 10
-5283 -6609 10
-5515 -3952 10
-6868 5722 10
-2445 -7242 10
489 6032 10
-9829 -2885 10
-5961 -6043 10
9454 -2120 10
5747 -8385 10
-1266 8029 10
2233 -2847 10
-7055 2734 10
-1288 -7109 10
1690 -2275 10
5347 431 10
-374 -7206 10
996 -10000 10
9058 -3070 10
-6638 1295 10
-1729 7045 10
-2443 8031 10
6828 6954 10
-825 871 10
-8591 -6136 10
2804 5107 10
570 -8679 10
2562 -8122 10
-4166 -1644 10
-9863 -5679 10
3135 6924 10
9993 1067 10
-252 -1743 10
-5352 9408 10
-8326 8100 10
-2098 -7893 10
5456 30 10
-693 -8223 10
-5066 2651 10
-4742 -6983 10
-3085 -585 10
6770 -6511 10
-5687 -5298 10
7758 820 10
3699 8321 10
6691 -4448 10
5482 -3764 10
-9849 -5832 10
-5425 -9420 10
1754 -5075 10
8188 -7916 10
-9236 -901 10
-8587 -7425 10
-735 -1460 10
4776 3654 10
-9289 3660 10
2135 -4948 10
-9232 3717 10
-542 -151 10
5388 -6210 10
-6007 378 10
9888 -9340 10
-4024 1149 10
4831 3973 10
8310 -6497 10
-5617 6213 10
4907 -4699 10
8169 -9360 10
4055 5444 10
-3043 -2775 10
-8416 -9228 10
3956 6208 10
-3795 -8893 10
6610 -8534 10
-9985 -3032 10
3159 -6520 10
-4965 -354 10
94 7524 10
-4648 1316 10
-7398 7791 10
-5829 7875 10
-8855 -6708 10
-2872 8006 10
4802 -9899 10
1350 -119 10
-2321 6018 10
8023 -7498 10
-820 6852 10
-4914 -1783 10
1435 -1254 10
-5552 5764 10
-6223 -5935 10
9276 7350 10
7274 -7798 10
-4320 -2537 10
-191 3999 10
-6737 4152 10
-2976 3303 10
9020 4257 10
-5302 -8806 10
8215 2188 10
6910 -7095 10
4441 1458 10
-6387 -7549 10
7537 -5862 10
-8304 4272 10
-5132 4714 10
8202 -8982 10
4997 -9994 10
7556 -5739 10
2594 -5244 10
7407 -3693 10
-7398 3221 10
7596 9660 10
-6860 3534 10
3379 -8572 10
4454 -5440 10
5706 1289 10
5548 4505 10
5608 4237 10
1646 -2682 10
2119 7036 10
-6340 -663 10
6129 -7142 10
-954 9610 10
-3357 -7594 10
-8311 5961 10
7053 5003 10
-3296 8509 10
-8932 1710 10
9706 -9893 10
-4226 6033 10
6622 6954 10
9665 2414 10
-306 -2957 10
4440 307 10
3741 3378 10
-361 -7188 10
4326 8971 10
2729 -8674 10
-2216 3753 10
-5100 6761 10
-7667 1049 10
4016 -161 10
4768 555 10
-3147 -6703 10
-6794 -601 10
5459 2207 10
1219 4874 10
-3193 517 10
-2541 3072 10
-5070 6478 10
-6296 -5297 10
-5490 8357 10
3536 -8429 10
1599 7872 10
-4507 8794 10
4068 3540 10
7395 3982 10
1159 1148 10
-3649 -3958 10
-4579 -6843 10
-9386 -8514 10
-1807 -5549 10
-7660 -5686 10
3654 -5449 10
-3211 86 10
-1169 5727 10
1994 -7068 10
269 -5006 10
17 -7457 10
-9022 -3638 10
5864 10 10
8180 -7614 10
-4388 7133 10
-5354 -1477 10
-4275 -1548 10
-2903 3933 10
-6231 2277 10
-3152 5525 10
-9073 -5408 10
-6296 -3349 10
670 -2344 10
-5123 6038 10
5014 -5375 10
-808 -2281 10
1275 -537 10
1640 -7418 10
-2138 -1824 10
-3599 9612 10
-8825 -5729 10
959 5393 10
4375 -5944 10
-7898 1090 10
1542 5460 10
-6728 -4638 10
2830 -5654 10
-5536 8848 10
1549 -4829 10
5547 -101 10
-1867 5655 10
707 -4629 10
-1651 -2177 10
9038 -3518 10
4543 -2082 10
-2923 6525 10
7307 -2733 10
-4341 -8964 10
-9515 1754 10
-5856 -4859 10
9542 2733 10
-9045 -417 10
-4524 1393 10
9399 4979 10
3341 -3501 10
-5670 -1326 10
342 4311 10
1642 8516 10
-9401 1727 10
3106 -9879 10
-2057 -2458 10
3578 -3815 10
6099 8669 10
-5501 2302 10
3640 -3878 10
1908 9901 10
-1874 -8846 10
8299 -5353 10
7854 -4048 10
7083 -1998 10
-5595 2689 10
-4598 8659 10
-6366 6258 10
8846 8793 10
-5795 -590 10
-2031 -4659 10
7859 8527 10
3869 2798 10
-1684 2155 10
-8619 5516 10
3300 4800 10
-1437 -6353 10
-2046 -2717 10
3188 -7623 10
8833 -6411 10
-6318 2131 10
-7 857 10
-6076 4858 10
-1339 6600 10
-1921 -2681 10
6398 7351 10
-1594 -7463 10
6991 6058 10
-7434 1477 10
-7567 9441 10
581 -893 10
-8432 7886 10
-733 8210 10
159 -8835 10
4989 -1580 10
-5583 90 10
-5717 6774 10
9398 3345 10
5862 7805 10
2900 1594 10
6149 3880 10
-8508 -4892 10
-5397 3783 10
2204 9514 10
-9639 7020 10
2323 -2802 10
9995 5494 10
47 -8765 10
5859 -6447 10
5977 1043 10
7119 -8709 10
8582 5782 10
2068 4914 10
-2964 -9140 10
-7221 -4343 10
6098 -3518 10
7125 9742 10
7061 -3917 10
4765 -3892 10
-256 8515 10
3452 2186 10
-4092 -7999 10
-7981 6491 10
1517 -5340 10
-5211 209 10
-7349 6219 10
8539 7952 10
1324 -6163 10
8313 -790 10
7719 7292 10
1563 -9917 10
-263 -6798 10
2503 -875 10
2883 5112 10
3713 -694 10
-5020 -6990 10
-4677 8090 10
6484 -7627 10
2491 -9551 10
-1588 1347 10
-1501 2224 10
1677 -3823 10
-5002 -7583 10
-9554 3163 10
-6697 4950 10
8338 6751 10
8808 -9408 10
8281 9747 10
1001 -3959 10
7124 -121 10
-5903 -7434 10
-1212 -2221 10
-6884 7278 10
-8186 -9334 10
6738 5292 10
3382 -5027 10
-1021 -1570 10
-2179 -4171 10
-3284 382 10
-3359 5294 10
636 -4482 10
4137 5540 10
-9786 3014 10
-153 -6518 10
6734 9701 10
-8092 -8077 10
-8633 -5337 10
-7344 -8807 10
-305 -6612 10
3993 -3799 10
4445 8151 10
9426 6570 10
-5968 -8573 10
-5880 8719 10
-1398 8411 10
2638 -4769 10
9413 8421 10
-3900 1599 10
-976 -2605 10
-9697 2369 10
-94 8242 10
6429 9803 10
-4336 -2097 10
3526 1643 10
-807 3259 10
-1074 4183 10
3255 7574 10
7337 139 10
-6643 7790 10
2285 -1904 10
-5098 -3349 10
-5673 7636 10
9724 -3369 10
-8982 2900 10
4817 4522 10
-4493 3711 10
2328 6400 10
799 -7488 10
-1273 -1719 10
-4338 5166 10
-3732 6454 10
-4554 870 10
5558 9709 10
-4943 -6453 10
-7133 6894 10
3986 -1932 10
8838 8558 10
3264 8511 10
-9040 8601 10
-5025 6960 10
9425 -69 10
9846 -6041 10
282 -3126 10
3989 -2309 10
4724 6017 10
-7964 -2927 10
9299 1853 10
-7341 -8643 10
-5132 -8790 10
-4503 8209 10
-2025 -2602 10
1041 1005 10
-821 -6558 10
-7090 -2120 10
8781 5448 10
6367 -6850 10
7508 7961 10
1291 -3438 10
9096 4450 10
-5508 -8346 10
1014 -4773 10
4143 -4133 10
-4339 246 10
3073 3740 10
702 -8112 10
-7731 -9462 10
9763 250 10
1978 -3497 10
572 2164 10
8855 -3746 10
-9482 -5784 10
7019 -6264 10
-9313 114 10
9757 6293 10
1480 -2884 10
7921 -2887 10
7178 -6032 10
9795 5025 10
-3841 -8864 10
9987 6683 10
164 -896 10
7799 8371 10
-4446 -8086 10
-1488 -384 10
-3058 5020 10
-3891 -5564 10
3596 -9577 10
1333 -1585 10
2731 9482 10
231 -5738 10
-7574 8554 10
-1970 -6027 10
2434 5292 10
6898 -196 10
-1392 6347 10
3713 -7808 10
-4988 -1860 10
6444 9230 10
5398 -6103 10
6394 9760 10
-8976 7260 10
7032 9552 10
-2752 848 10
-4277 6877 10
-9171 -6905 10
67 -2916 10
4252 -8102 10
4241 -5518 10
4127 -5749 10
8106 7084 10
2446 9093 10
-4549 -6208 10
-6937 1771 10
9561 2905 10
-8991 6239 10
7903 3772 10
9880 -5768 10
-6697 -648 10
9063 -4982 10
4415 -9249 10
-9431 332 10
6823 -7970 10
3953 3299 10
-7217 2796 10
-6114 2381 10
-8699 -1290 10
2302 9196 10
-1055 -1099 10
49 -4546 10
