1000
-6210 -9733 100
8000 -9358 100
-1902 -9668 100
-2324 -9087 100
-9814 -9786 100
-1821 -9970 100
7242 -9699 100
-6675 -9482 100
3657 -9289 100
6126 -9573 100
5775 -9151 100
-6070 -9117 100
-117 -9211 100
7586 -9374 100
6490 -9351 100
7064 -9799 100
-117 -9453 100
-5680 -9475 100
-2806 -9526 100
-4854 -9090 100
1845 -9463 100
52 -9959 100
7805 -9078 100
7198 -9558 100
-9911 -9105 100
7149 -9179 100
4913 -9911 100
3750 -9434 100
-9504 -9052 100
-5261 -9884 100
-855 -9862 100
60 -9527 100
-7408 -9903 100
-2869 -9075 100
9717 -9186 100
-8137 -9626 100
-674 -9331 100
-9313 -9161 100
1860 -9617 100
1883 -9611 100
-2752 -9289 100
6425 -9625 100
-8800 -9439 100
6365 -9815 100
6110 -9312 100
9612 -9109 100
6053 -9381 100
-6520 -9629 100
-9360 -9551 100
2707 -9547 100
-1402 -9916 100
5106 -9428 100
-4405 -9530 100
7447 -9316 100
-3486 -9875 100
7242 -9011 100
9081 -9784 100
-5634 -9836 100
4237 -9851 100
6798 -9349 100
-7358 -9852 100
-7601 -9908 100
4049 -9894 100
-9694 -9496 100
3253 -9908 100
-2107 -9624 100
-5672 -9420 100
-5197 -9212 100
3232 -9581 100
-6397 -9837 100
4121 -9638 100
9222 -9614 100
5672 -9501 100
-8271 -9484 100
2622 -9495 100
-8524 -9477 100
-7730 -9306 100
8546 -9213 100
-8531 -9596 100
-1257 -9276 100
6764 -9576 100
-2378 -9768 100
961 -9427 100
4776 -9785 100
-2086 -9138 100
6689 -9377 100
6514 -9129 100
3050 -9776 100
9065 -9183 100
-7322 -9200 100
2840 -9293 100
9063 -9308 100
734 -9317 100
9592 -9610 100
943 -9790 100
6078 -9908 100
5882 -9662 100
-4650 -9368 100
-7181 -9107 100
-9912 -9898 100
48 -9477 100
-4126 -9347 100
-7801 -9877 100
1628 -9899 100
-4200 -9850 100
9376 -9668 100
8033 -9659 100
-5323 -9308 100
-4428 -9463 100
-7299 -9971 100
-1892 -9530 100
-7667 -9020 100
-7463 -9965 100
836 -9130 100
5611 -9172 100
-9135 -9442 100
-5622 -9358 100
8455 -9625 100
8284 -9013 100
-8931 -9664 100
4948 -9963 100
-8999 -9311 100
-8438 -9467 100
8287 -9477 100
-9614 -9025 100
-4084 -9270 100
4315 -9299 100
-9380 -9796 100
7901 -9558 100
-8458 -9312 100
6174 -9420 100
-3847 -9141 100
3336 -9268 100
6537 -9095 100
2764 -9769 100
-6912 -9725 100
-1060 -9196 100
6159 -9699 100
3057 -9986 100
-5352 -9405 100
-8744 -9253 100
-4600 -9279 100
-635 -9039 100
-4769 -9661 100
791 -9418 100
7480 -9710 100
3754 -9849 100
5905 -9076 100
-8863 -9533 100
2535 -9750 100
-4155 -9444 100
6840 -9103 100
4575 -9473 100
-1075 -9664 100
-2654 -9002 100
-7230 -9783 100
-749 -9510 100
-1517 -9774 100
-6343 -9052 100
8155 -9028 100
-173 -9481 100
8613 -9284 100
-998 -9125 100
406 -9251 100
-862 -9478 100
-1491 -9506 100
-4826 -9953 100
-2035 -9687 100
6558 -9602 100
-3461 -9367 100
-455 -9493 100
-4322 -9009 100
-3874 -9121 100
-6208 -9280 100
1513 -9660 100
8315 -9027 100
-9990 -9159 100
-3634 -9877 100
3099 -9273 100
-6284 -9338 100
8173 -9917 100
-6370 -9941 100
-1490 -9889 100
-3388 -9651 100
-5918 -9298 100
2403 -9202 100
9530 -9252 100
-8992 -9919 100
2698 -9110 100
6317 -9894 100
-9980 -9800 100
-6185 -9577 100
-6835 -9511 100
1111 -9937 100
-4980 -9713 100
-7424 -9361 100
3580 -9645 100
6641 -9390 100
29 -9286 100
-5326 -9541 100
-2078 -9150 100
-5820 -9775 100
-3747 -9930 100
-4016 -9768 100
-6805 -9912 100
7082 -9063 100
9273 -9234 100
-7393 -9547 100
-6038 -9789 100
3827 -9985 100
-5182 -9853 100
9551 -9022 100
6190 -9570 100
3084 -9326 100
9877 -9333 100
4565 -9530 100
6312 -9556 100
6788 -9894 100
168 -9005 100
-2013 -9190 100
2280 -9388 100
1322 -9288 100
-8252 -9757 100
-1315 -9831 100
-9802 -9692 100
-9190 -9841 100
6809 -9213 100
8370 -9216 100
8191 -9294 100
-4517 -9864 100
-4998 -9138 100
-1640 -9771 100
6711 -9300 100
2702 -9211 100
8047 -9560 100
7364 -9280 100
-4084 -9685 100
-5674 -9036 100
2070 -9500 100
-8703 -9631 100
2135 -9795 100
-8265 -9077 100
-6691 -9114 100
-8918 -9317 100
729 -9642 100
7194 -9633 100
-2050 -9419 100
8121 -9314 100
-4722 -9619 100
-6957 -9907 100
6630 -9242 100
-1467 -9230 100
2464 -9869 100
9995 -9592 100
-1099 -9646 100
-9139 -9688 100
-4530 -9365 100
-3686 -9069 100
9360 -9235 100
2506 -9213 100
-9303 -9026 100
713 -9114 100
-6976 -9327 100
6037 -9290 100
-5175 -9502 100
-9420 -9756 100
-9409 -9636 100
-4042 -9982 100
6158 -9631 100
6810 -9249 100
-9335 -9380 100
-2904 -9149 100
-909 -9355 100
1473 -9006 100
7422 -9405 100
7251 -9448 100
7382 -9950 100
3042 -9599 100
7306 -9577 100
-9194 -9944 100
185 -9943 100
2752 -9983 100
1487 -9957 100
8451 -9211 100
-3729 -9963 100
2329 -9057 100
-2344 -9744 100
4493 -9030 100
7402 -9080 100
-1150 -9768 100
-8268 -9188 100
7933 -9436 100
-6174 -9546 100
7289 -9645 100
7663 -9457 100
4991 -9787 100
-9331 -9332 100
-1215 -9285 100
8562 -9741 100
-1670 -9347 100
3546 -9861 100
6701 -9129 100
1301 -9858 100
8257 -9110 100
-3417 -9352 100
-9276 -9143 100
226 -9534 100
8718 -9829 100
2607 -9338 100
4670 -9839 100
-3925 -9075 100
-6426 -9370 100
9485 -9065 100
448 -9757 100
-7147 -9530 100
7237 -9887 100
-5353 -9782 100
-6817 -9595 100
9990 -9434 100
-8000 -9745 100
-7747 -9308 100
-2842 -9204 100
9830 -9547 100
2642 -9673 100
-8477 -9573 100
-1873 -9104 100
2052 -9245 100
3354 -9025 100
-6686 -9914 100
-4548 -9847 100
-675 -9971 100
6323 -9343 100
-2290 -9718 100
-8377 -9533 100
3679 -9882 100
8412 -9289 100
1397 -9907 100
407 -9350 100
6610 -9997 100
-79 -9402 100
8929 -9300 100
1464 -9308 100
-7420 -9790 100
-2154 -9949 100
5690 -9854 100
889 -9159 100
-5633 -9211 100
1992 -9799 100
4296 -9380 100
-2147 -9749 100
-8211 -9117 100
6194 -9483 100
3364 -9114 100
7292 -9382 100
3483 -9410 100
9703 -9986 100
4185 -9592 100
7998 -9295 100
9059 -9552 100
3024 -9884 100
336 -9130 100
958 -9981 100
6473 -9396 100
-9942 -9420 100
7227 -9697 100
-7596 -9433 100
5997 -9357 100
-8231 -9219 100
-6134 -9042 100
7949 -9097 100
9754 -9328 100
-3639 -9928 100
-7074 -9450 100
2267 -9053 100
-1505 -9939 100
131 -9112 100
-4535 -9779 100
9402 -9624 100
-7 -9847 100
-3104 -9487 100
2238 -9008 100
5233 -9707 100
4281 -9312 100
-3705 -9874 100
-3354 -9217 100
3679 -9605 100
4918 -9554 100
-2854 -9434 100
-7432 -9895 100
2184 -9643 100
7575 -9739 100
631 -9335 100
6649 -9791 100
-4441 -9320 100
-4811 -9000 100
3239 -9621 100
-8501 -9141 100
457 -9730 100
1264 -9908 100
4318 -9572 100
-1447 -9688 100
5245 -9844 100
-4042 -9651 100
9700 -9592 100
2896 -9184 100
526 -9334 100
9464 -9364 100
-1211 -9109 100
-282 -9344 100
8577 -9328 100
3118 -9800 100
8912 -9974 100
-1897 -9474 100
9978 -9633 100
-324 -9128 100
-9881 -9410 100
-7702 -9425 100
43 -9284 100
-2601 -9657 100
7809 -9438 100
-9804 -9269 100
-4938 -9028 100
3746 -9199 100
2654 -9049 100
-8578 -9377 100
-8465 -9459 100
-9376 -9238 100
8814 -9584 100
7353 -9288 100
-9058 -9929 100
-5597 -9710 100
-1339 -9832 100
-4057 -9983 100
4473 -9124 100
6895 -9382 100
-9275 -9182 100
6062 -9676 100
6609 -9519 100
-9884 -9316 100
228 -9588 100
-4210 -9305 100
-6469 -9489 100
-1223 -9193 100
-8870 -9495 100
1899 -9255 100
1583 -9764 100
-9187 -9070 100
3609 -9573 100
9876 -9432 100
-3357 -9026 100
2161 -9467 100
-4805 -9653 100
-2967 -9792 100
-4805 -9861 100
-396 -9158 100
-7705 -9690 100
-5669 -9045 100
1764 -9259 100
6060 -9242 100
5428 -9723 100
2137 -9835 100
-2791 -9511 100
3668 -9895 100
4457 -9490 100
-6298 -9238 100
-230 -9433 100
4204 -9133 100
-1051 -9790 100
-9942 -9868 100
-9387 -9540 100
-5296 -9214 100
-5611 -9171 100
-5109 -9798 100
8051 -9228 100
-5084 -9425 100
3789 -9712 100
-3338 -9177 100
2815 -9636 100
151 -9161 100
7311 -9786 100
4203 -9804 100
2314 -9859 100
-5344 -9563 100
-9516 -9071 100
2496 -9812 100
-8477 -9692 100
4093 -9743 100
-299 -9113 100
2650 -9416 100
1646 -9581 100
9124 -9910 100
9346 -9511 100
-5215 -9932 100
-7514 -9570 100
-5244 -9004 100
-5407 -9366 100
-7314 -9636 100
4594 -9101 100
5917 -9640 100
5604 -9508 100
7912 9559 101
-6422 9098 101
6757 9536 101
-1225 9316 101
2076 9665 101
-6842 9504 101
7042 9285 101
-3929 9728 101
-793 9919 101
-8569 9562 101
8779 9060 101
4043 9264 101
-1416 9593 101
-689 9336 101
-5123 9887 101
7049 9119 101
8162 9114 101
691 9153 101
-6258 9722 101
8348 9885 101
-403 9873 101
184 9007 101
5622 9361 101
-4074 9702 101
8267 9581 101
-7096 9530 101
8651 9736 101
-9770 9724 101
7232 9995 101
7437 9046 101
4214 9542 101
-5946 9827 101
5800 9472 101
-5545 9299 101
-7805 9654 101
4511 9987 101
-4847 9263 101
-9098 9757 101
2490 9824 101
-36 9026 101
-5106 9836 101
5396 9117 101
5949 9665 101
-3693 9493 101
5658 9803 101
5932 9908 101
-264 9519 101
-9178 9286 101
-8453 9893 101
-810 9854 101
38 9983 101
-9041 9681 101
3925 9077 101
1566 9576 101
-3940 9983 101
7124 9431 101
8229 9875 101
4695 9434 101
-2724 9080 101
3190 9109 101
8587 9005 101
-8031 9477 101
-3577 9172 101
6055 9542 101
3241 9572 101
5651 9399 101
-7113 9694 101
2100 9690 101
850 9985 101
99 9288 101
1648 9108 101
6391 9143 101
-3795 9719 101
-7355 9253 101
2997 9424 101
6595 9541 101
3491 9001 101
9408 9550 101
1316 9836 101
4168 9930 101
5090 9393 101
6658 9743 101
-4312 9852 101
5866 9535 101
1545 9362 101
1601 9517 101
-6411 9663 101
6206 9187 101
-1990 9476 101
880 9729 101
9486 9344 101
2300 9741 101
5513 9039 101
-7886 9045 101
3100 9463 101
-6010 9353 101
931 9289 101
7313 9345 101
-4333 9152 101
-6666 9604 101
2924 9956 101
8822 9272 101
-1591 9422 101
-2364 9707 101
9755 9747 101
7059 9833 101
-6459 9847 101
3505 9690 101
3442 9898 101
4699 9178 101
-5482 9637 101
-7285 9897 101
7099 9235 101
7936 9884 101
-5279 9918 101
3526 9938 101
-8939 9508 101
-2062 9288 101
-2008 9036 101
-5499 9896 101
1434 9032 101
2286 9197 101
-4518 9444 101
8300 9846 101
-4960 9369 101
-350 9868 101
-458 9009 101
-7307 9505 101
-9685 9367 101
-9874 9206 101
2574 9738 101
-7901 9249 101
9573 9338 101
-617 9428 101
-833 9175 101
5594 9025 101
6674 9685 101
2385 9799 101
-3530 9246 101
4272 9438 101
-358 9673 101
9760 9271 101
2120 9951 101
-3206 9670 101
-667 9957 101
7945 9751 101
4856 9452 101
-4896 9141 101
-4047 9102 101
8446 9280 101
1020 9681 101
-8430 9260 101
5003 9076 101
8469 9609 101
-9085 9384 101
7147 9569 101
-1682 9765 101
4136 9801 101
9811 9030 101
8045 9771 101
-9069 9361 101
-1666 9176 101
6068 9271 101
-988 9306 101
510 9444 101
-3856 9861 101
-1301 9242 101
4377 9214 101
2520 9672 101
-8220 9959 101
3868 9149 101
4808 9457 101
3775 9078 101
6596 9253 101
6389 9855 101
4227 9602 101
-3656 9248 101
-7453 9108 101
9432 9222 101
4815 9725 101
7811 9063 101
6593 9044 101
3707 9480 101
9413 9982 101
9532 9321 101
15 9811 101
-4111 9135 101
-3306 9747 101
7668 9162 101
23 9517 101
-6246 9992 101
-8469 9815 101
5188 9138 101
9614 9396 101
9424 9800 101
9232 9860 101
5530 9849 101
7128 9230 101
-7712 9181 101
-492 9334 101
1719 9188 101
1145 9486 101
-2620 9712 101
-3239 9093 101
-293 9721 101
-431 9297 101
-5843 9749 101
4232 9474 101
-8594 9805 101
2566 9124 101
-167 9000 101
-2329 9334 101
-9915 9937 101
-282 9921 101
4 9240 101
5898 9307 101
-7068 9255 101
4508 9369 101
-3200 9112 101
2864 9986 101
-14 9373 101
5935 9311 101
-4762 9393 101
5409 9045 101
9904 9697 101
-2111 9487 101
8969 9858 101
8106 9176 101
-8588 9523 101
-5200 9147 101
6726 9299 101
-9722 9885 101
-9121 9868 101
-3460 9428 101
-3101 9726 101
3687 9313 101
4730 9862 101
-1764 9360 101
-6706 9655 101
8795 9395 101
4196 9520 101
3388 9344 101
8096 9089 101
-9597 9863 101
-8157 9115 101
8752 9866 101
7272 9479 101
8377 9339 101
6014 9566 101
7785 9743 101
-7981 9693 101
-2195 9853 101
41 9106 101
634 9475 101
2479 9708 101
5864 9703 101
-2656 9296 101
-7244 9147 101
-8414 9635 101
3193 9681 101
-77 9692 101
-5069 9687 101
9531 9880 101
-6393 9178 101
5853 9202 101
-3961 9908 101
5195 9323 101
-43 9360 101
1445 9622 101
9977 9151 101
4858 9136 101
4292 9188 101
-919 9624 101
-8321 9093 101
-9940 9922 101
6343 9290 101
-3086 9390 101
-1925 9784 101
-4657 9174 101
-7911 9188 101
973 9843 101
6721 9832 101
4227 9920 101
7900 9993 101
9744 9458 101
5486 9657 101
3083 9000 101
5569 9052 101
486 9991 101
3539 9942 101
7180 9312 101
4119 9551 101
4561 9572 101
3968 9524 101
2940 9978 101
479 9028 101
8905 9013 101
8397 9122 101
3953 9195 101
-4304 9426 101
5663 9244 101
5024 9040 101
-7647 9162 101
-9084 9865 101
-9642 9109 101
-9220 9630 101
6615 9645 101
-2681 9433 101
-2851 9950 101
5199 9395 101
1238 9974 101
9415 9805 101
-2131 9163 101
-1936 9235 101
7882 9176 101
-7440 9369 101
7204 9474 101
-8640 9686 101
-4081 9258 101
9820 9744 101
9212 9001 101
-3910 9210 101
6013 9793 101
3042 9324 101
-4711 9103 101
-6283 9654 101
-6402 9934 101
935 9380 101
-5071 9229 101
-9925 9127 101
-8921 9915 101
-6155 9936 101
1336 9264 101
-9169 9430 101
4732 9358 101
-4502 9638 101
5401 9383 101
-4386 9652 101
6419 9726 101
-7366 9420 101
4347 9922 101
876 9470 101
-4662 9530 101
4770 9080 101
1650 9370 101
695 9728 101
-4493 9174 101
-7764 9097 101
5368 9412 101
-9323 9281 101
8546 9064 101
-1333 9336 101
1713 9840 101
3555 9131 101
2140 9782 101
-5585 9304 101
-3666 9021 101
2260 9168 101
-9433 9358 101
5185 9328 101
4721 9744 101
-4197 9912 101
-1927 9892 101
-7614 9392 101
5980 9600 101
-3440 9970 101
-4430 9454 101
713 9539 101
4961 9801 101
-87 9457 101
-2627 9783 101
415 9150 101
-3551 9243 101
7365 9506 101
7894 9557 101
-7001 9608 101
-5046 9948 101
-1192 9026 101
-7734 9075 101
-1901 9724 101
-8042 9642 101
6314 9584 101
333 9912 101
-3909 9194 101
-6365 9034 101
-6276 9562 101
-417 9433 101
-6846 9473 101
-829 9398 101
1714 9109 101
-5610 9807 101
-5984 9070 101
-7690 9702 101
-8951 9259 101
9641 9355 101
-4238 9806 101
1346 9272 101
269 9623 101
-4271 9737 101
-1486 9028 101
-2302 9148 101
-868 9584 101
-3004 9384 101
-7143 9277 101
-7975 9521 101
1601 9848 101
-7917 9273 101
1040 9904 101
5223 9698 101
-929 9922 101
5590 9480 101
707 9970 101
-7162 9129 101
-3853 9627 101
-3424 9063 101
457 9678 101
8999 9646 101
220 9461 101
-5524 9901 101
-6083 9906 101
1061 9805 101
7004 9915 101
3566 9159 101
6566 9294 101
3329 9340 101
7479 9098 101
-1892 9860 101
3524 9837 101
-8959 9995 101
-9564 9908 101
1699 9992 101
7913 9857 101
-2200 9294 101
-3066 9837 101
2402 9780 101
3489 9731 101
2226 9612 101
-2566 9525 101
-8302 9836 101
1297 9723 101
-580 9053 101
4694 9570 101
3392 9577 101
7683 9440 101
-104 9786 101
-634 9425 101
4685 9764 101
-8610 9621 101
-9151 9079 101
5218 9767 101
-358 9187 101
-64 9897 101
-170 9692 101
-7793 9930 101
-6836 9882 101
-5929 9657 101
4549 9312 101
1716 9832 101
-1701 9176 101
-8822 9792 101
7408 9446 101
-3915 9141 101
-4543 9477 101
6909 9047 101
-519 9371 101
-6999 9872 101
-5317 9650 101
-6942 9612 101
2938 9180 101
3035 9143 101
-2008 9714 101
-9446 9403 101
4942 9899 101
2366 9430 101
-8696 9887 101
5695 9195 101
4079 9521 101
7746 9518 101
3000 9440 101
-6118 9310 101
7045 9299 101
9051 9716 101
9112 9111 101
9575 9808 101
8757 9383 101
-1353 9375 101
-4189 9657 101
4437 9431 101
7541 9254 101
9641 9959 101
2742 9823 101
4660 9515 101
9994 9905 101
-2918 9302 101
6005 9199 101
-1570 9078 101
2133 9945 101
-1542 9586 101
5699 9993 101
4508 9856 101
