1000
7908 -2631 918
2505 -830 438
-6915 2310 469
-5607 1874 10
9993 -3326 381
-7863 2626 43
4920 -1635 341
-5127 1714 645
5394 -1793 728
-6471 2162 360
-1710 575 613
4449 -1478 75
-2004 673 369
-6186 2067 950
-6441 2152 590
-7440 2485 443
-2634 883 248
-3318 1111 693
6546 -2177 343
891 -292 321
-6990 2335 428
3456 -1147 529
8595 -2860 934
-7149 2388 899
3612 -1199 797
6681 -2222 903
4743 -1576 983
-4890 1635 115
-3300 1105 584
4383 -1456 985
5019 -1668 291
2046 -677 569
-9000 3005 398
9480 -3155 71
-3489 1168 670
5625 -1870 686
-120 45 347
-2448 821 430
2550 -845 818
-6036 2017 536
-6894 2303 948
4104 -1363 782
6297 -2094 597
1593 -526 157
4437 -1474 411
462 -149 580
-2433 816 104
-7677 2564 180
9522 -3169 25
9462 -3149 942
-7425 2480 845
8898 -2961 567
-5442 1819 304
-9009 3008 531
-1296 437 230
3411 -1132 253
-1893 636 219
870 -285 488
-3783 1266 730
-5451 1822 906
8862 -2949 255
-7620 2545 495
2358 -781 648
-1950 655 970
-378 131 607
5445 -1810 92
603 -196 385
-9465 3160 571
7758 -2581 456
6129 -2038 548
-2679 898 530
-4683 1566 249
-7098 2371 248
-7467 2494 419
9834 -3273 447
-4491 1502 633
-5058 1691 871
-912 309 987
9261 -3082 693
6942 -2309 79
2052 -679 228
-390 135 208
1452 -479 489
-3720 1245 315
-8634 2883 439
-6768 2261 851
-9843 3286 30
-831 282 367
-8118 2711 443
-9996 3337 304
-312 109 132
-5610 1875 889
9687 -3224 907
9747 -3244 973
-6579 2198 719
-7044 2353 722
-9756 3257 101
-3081 1032 538
-8292 2769 568
-8172 2729 153
-4815 1610 809
6273 -2086 720
-2562 859 604
4314 -1433 383
7749 -2578 796
-8352 2789 120
2634 -873 650
876 -287 469
-405 140 574
3564 -1183 575
9723 -3236 928
3288 -1091 406
1587 -524 481
3786 -1257 62
-9105 3040 755
-9189 3068 338
6468 -2151 718
-9837 3284 243
-6096 2037 165
2223 -736 178
-6618 2211 51
5367 -1784 862
4932 -1639 624
2118 -701 626
1056 -347 534
-4089 1368 438
-9657 3224 294
2166 -717 109
-1620 545 360
2934 -973 412
-2202 739 234
-4452 1489 918
-7488 2501 631
-8160 2725 977
-2214 743 18
6015 -2000 627
7236 -2407 93
-9507 3174 762
9996 -3327 183
2406 -797 211
-9798 3271 712
-5586 1867 22
4389 -1458 684
-459 158 631
-294 103 333
4251 -1412 131
9801 -3262 973
-3519 1178 183
6318 -2101 87
3600 -1195 738
-5175 1730 268
8847 -2944 919
6009 -1998 627
-4380 1465 156
-147 54 746
-9588 3201 249
-1623 546 862
2031 -672 770
-9726 3247 968
-2700 905 552
-6447 2154 199
1272 -419 934
-5400 1805 318
8772 -2919 215
3129 -1038 868
-3411 1142 202
-7275 2430 262
-6444 2153 659
-2250 755 472
2847 -944 694
-8982 2999 506
7635 -2540 192
5496 -1827 370
-5406 1807 299
4962 -1649 756
6162 -2049 100
906 -297 949
-1152 389 930
-507 174 128
564 -183 252
441 -142 229
7950 -2645 621
5304 -1763 985
-2760 925 151
8982 -2989 650
8181 -2722 350
-8496 2837 408
9717 -3234 831
-675 230 782
5298 -1761 589
4083 -1356 963
3672 -1219 483
8655 -2880 582
-9573 3196 969
-5049 1688 306
9306 -3097 589
3822 -1269 758
7848 -2611 690
-9801 3272 137
8739 -2908 757
-7770 2595 498
-3810 1275 41
7740 -2575 159
-2172 729 56
-9102 3039 605
-717 244 452
-300 105 105
6429 -2138 639
5817 -1934 430
1953 -646 350
8991 -2992 369
-423 146 266
1662 -549 137
-1029 348 527
-7053 2356 255
3990 -1325 769
-8064 2693 391
-3891 1302 517
6165 -2050 104
6426 -2137 96
4407 -1464 969
-1530 515 867
9339 -3108 272
-1752 589 887
-9627 3214 666
3309 -1098 351
2469 -818 630
2085 -690 559
-495 170 11
3573 -1186 838
-4362 1459 756
-7365 2460 837
-1668 561 449
4320 -1435 42
885 -290 130
-9681 3232 616
-1665 560 331
4623 -1536 659
2955 -980 323
3669 -1218 72
-1401 472 552
-4473 1496 56
-8316 2777 557
-6636 2217 44
5511 -1832 724
-1557 524 117
4887 -1624 359
1584 -523 523
6360 -2115 410
165 -50 301
4581 -1522 682
-3213 1076 977
3435 -1140 844
8277 -2754 269
-408 141 50
-5508 1841 47
825 -270 890
-4974 1663 217
-4239 1418 424
4116 -1367 517
6618 -2201 253
7296 -2427 533
387 -124 601
-795 270 800
-1650 555 341
7593 -2526 410
-972 329 203
-4722 1579 906
-357 124 85
7053 -2346 107
-288 101 688
-5013 1676 377
7527 -2504 904
-8727 2914 659
1956 -647 508
3735 -1240 495
-4584 1533 754
2997 -994 540
8490 -2825 229
-396 137 68
9246 -3077 755
-4674 1563 343
-4149 1388 38
8769 -2918 601
6687 -2224 12
546 -177 582
-2961 992 640
4509 -1498 197
-6033 2016 560
-7758 2591 112
-2688 901 468
-7599 2538 189
-4590 1535 363
-9966 3327 743
513 -166 718
2661 -882 896
-4116 1377 755
4833 -1606 552
975 -320 876
7401 -2462 938
-7665 2560 625
-8085 2700 805
-1872 629 388
3510 -1165 272
9312 -3099 153
7110 -2365 110
-3468 1161 846
-885 300 321
-9915 3310 783
-1635 550 960
4719 -1568 886
5277 -1754 695
708 -231 685
-39 18 880
8709 -2898 274
-726 247 431
-2868 961 136
-9486 3167 474
-402 139 386
-4296 1437 754
-1707 574 243
-1887 634 772
1815 -600 330
-471 162 983
2067 -684 923
7137 -2374 323
-2379 798 776
-6843 2286 514
-387 134 426
8109 -2698 344
75 -20 498
2949 -978 499
-1965 660 176
-807 274 223
-525 180 909
-6390 2135 189
3957 -1314 284
-2247 754 39
-2334 783 906
3540 -1175 722
-5922 1979 665
1539 -508 222
1866 -617 349
2160 -715 416
-6948 2321 419
-4212 1409 890
-7905 2640 224
6291 -2092 581
3402 -1129 675
-7824 2613 521
9753 -3246 185
-1581 532 967
6789 -2258 718
-7323 2446 24
-8442 2819 762
7926 -2637 419
-7959 2658 237
-7014 2343 366
8880 -2955 658
-6774 2263 808
3480 -1155 627
2001 -662 657
-4113 1376 252
2586 -857 785
8745 -2910 473
-8052 2689 427
-9375 3130 287
-9480 3165 135
-7125 2380 202
-1917 644 609
6603 -2196 212
6720 -2235 641
-7890 2635 911
8331 -2772 460
168 -51 547
-4023 1346 414
4311 -1432 21
8223 -2736 618
7785 -2590 390
-1911 642 858
-1989 668 74
-9702 3239 152
-255 90 422
2370 -785 152
1704 -563 158
7776 -2587 728
3393 -1126 755
-8520 2845 629
-3072 1029 431
2778 -921 168
5697 -1894 658
396 -127 351
-7050 2355 518
7851 -2612 132
3513 -1166 788
6531 -2172 714
5328 -1771 240
7227 -2404 63
6444 -2143 116
-2484 833 205
-3471 1162 901
-4137 1384 710
5310 -1765 623
-9201 3072 249
6108 -2031 146
3354 -1113 55
6282 -2089 78
9354 -3113 549
2178 -721 987
5205 -1730 153
8856 -2947 70
2889 -958 829
9042 -3009 650
-9960 3325 802
-2580 865 741
-3543 1186 741
-9696 3237 625
9783 -3256 177
-8151 2722 81
-2646 887 416
6837 -2274 339
-7587 2534 883
-1755 590 728
-5496 1837 26
-3078 1031 321
-3771 1262 125
3912 -1299 910
-3441 1152 505
7461 -2482 686
8460 -2815 90
-3744 1253 459
951 -312 272
5883 -1956 525
-1842 619 268
2262 -749 471
7659 -2548 221
4653 -1546 403
-9711 3242 729
6003 -1996 96
-5544 1853 190
1002 -329 748
9210 -3065 468
-2535 850 782
3771 -1252 738
-627 214 837
1776 -587 904
-9372 3129 59
8922 -2969 303
-7485 2500 775
-6231 2082 172
-1395 470 324
7083 -2356 515
2319 -768 631
3390 -1125 46
6678 -2221 434
-9042 3019 200
828 -271 189
5589 -1858 65
9609 -3198 812
4626 -1537 596
-6999 2338 903
-228 81 258
-852 289 780
7164 -2383 776
-3048 1021 148
2655 -880 667
-6483 2166 182
-9369 3128 679
6885 -2290 472
5562 -1849 881
5661 -1882 278
9741 -3242 235
-4302 1439 338
9591 -3192 267
-4818 1611 512
6834 -2273 132
-5658 1891 577
-4077 1364 801
-7254 2423 695
-7572 2529 917
-4545 1520 875
7140 -2375 642
-3591 1202 855
6519 -2168 614
3591 -1192 726
-2934 983 415
-4392 1469 20
7905 -2630 617
-3000 1005 831
-1356 457 551
9870 -3285 685
-5010 1675 114
-9255 3090 115
315 -100 199
-5037 1684 107
-3261 1092 293
1638 -541 146
3852 -1279 497
-4965 1660 345
-3312 1109 682
9396 -3127 948
4191 -1392 786
4806 -1597 598
-7833 2616 492
8784 -2923 915
2316 -767 845
1737 -574 57
7101 -2362 190
-5196 1737 549
-3231 1082 37
-4311 1442 887
-1341 452 329
4767 -1584 739
573 -186 750
-4053 1356 319
-4437 1484 52
-7476 2497 645
6606 -2197 908
-2583 866 338
-2856 957 687
138 -41 41
8658 -2881 319
7428 -2471 859
-3423 1146 247
-6918 2311 745
2562 -849 761
483 -156 309
-2271 762 868
-1059 358 247
-8076 2697 724
-141 52 571
5391 -1792 224
-639 218 671
9825 -3270 829
5157 -1714 886
1773 -586 369
-2130 715 654
-6162 2059 736
7773 -2586 336
6684 -2223 904
5988 -1991 709
7941 -2642 803
5682 -1889 712
-8511 2842 402
-8799 2938 757
1206 -397 813
9141 -3042 659
3357 -1114 663
3024 -1003 863
-8001 2672 456
-3087 1034 817
9585 -3190 781
2139 -708 441
5877 -1954 636
-7668 2561 925
-4401 1472 878
-2229 748 977
-2991 1002 546
-4779 1598 721
7632 -2539 854
7344 -2443 254
6423 -2136 639
6117 -2034 619
7122 -2369 149
3300 -1095 375
9192 -3059 25
-1590 535 740
3996 -1327 304
1278 -421 530
-7560 2525 794
-4551 1522 78
7983 -2656 688
4725 -1570 643
-3045 1020 248
5085 -1690 566
-6840 2285 922
-6510 2175 208
7128 -2371 239
-8523 2846 104
2013 -666 848
3723 -1236 411
-5073 1696 154
-4857 1624 448
-6102 2039 985
-9984 3333 241
7233 -2406 269
-6615 2210 232
-1683 566 895
4674 -1553 898
-2514 843 885
-4236 1417 558
-1815 610 636
-8346 2787 904
-7119 2378 99
-624 213 733
7917 -2634 698
4875 -1620 145
8553 -2846 649
-8385 2800 173
-9954 3323 202
-7320 2445 542
-5418 1811 232
9813 -3266 370
354 -113 488
642 -209 186
-720 245 144
-522 179 224
7824 -2603 201
6735 -2240 578
4029 -1338 697
-8913 2976 840
8607 -2864 386
-4623 1546 139
-3273 1096 860
-5700 1905 257
-1482 499 360
-1005 340 843
-8889 2968 322
1494 -493 859
765 -250 299
-9744 3253 577
-8577 2864 579
8550 -2845 496
7440 -2475 813
-696 237 445
3843 -1276 840
5433 -1806 705
-3294 1103 682
-9012 3009 818
-3282 1099 421
6480 -2155 492
1971 -652 433
-7287 2434 92
8778 -2921 291
-2694 903 224
7737 -2574 687
-4398 1471 825
5898 -1961 135
-2136 717 545
807 -264 43
7536 -2507 452
4926 -1637 671
6561 -2182 90
-6045 2020 646
-186 67 779
3102 -1029 33
4434 -1473 601
6045 -2010 384
8955 -2980 330
-5850 1955 657
7239 -2408 148
-7989 2668 741
-8817 2944 392
1059 -348 899
-4947 1654 924
-3951 1322 479
2742 -909 16
4095 -1360 498
-8793 2936 698
-3303 1106 893
-7746 2587 672
4500 -1495 214
-5160 1725 99
-2892 969 369
4023 -1336 567
-4404 1473 643
6867 -2284 784
-7860 2625 896
4299 -1428 474
-7281 2432 706
8571 -2852 700
6906 -2297 382
-2817 944 54
540 -175 898
-573 196 25
6405 -2130 701
-8391 2802 539
-207 74 400
-6966 2327 677
-3339 1118 474
7230 -2405 745
-4596 1537 295
-6495 2170 903
3678 -1221 145
-3429 1148 800
4068 -1351 658
-5280 1765 871
-240 85 565
2172 -719 455
6657 -2214 789
3870 -1285 704
9561 -3182 657
-1836 617 234
-6852 2289 854
9474 -3153 720
-7971 2662 185
6441 -2142 856
5619 -1868 31
-7383 2466 779
-6432 2149 440
-3333 1116 36
240 -75 964
210 -65 163
-1185 400 610
-3285 1100 61
2073 -686 605
492 -159 559
-7515 2510 911
438 -141 304
-9789 3268 136
1191 -392 780
-336 117 355
-5904 1973 794
1671 -552 600
-4938 1651 202
-5475 1830 603
5922 -1969 990
7788 -2591 788
-5886 1967 878
-3126 1047 366
-1317 444 408
-3369 1128 556
2805 -930 149
9423 -3136 546
-48 21 99
1929 -638 306
1377 -454 436
9750 -3245 2
-6195 2070 976
-9732 3249 322
3255 -1080 393
-1344 453 131
-2331 782 957
6261 -2082 794
-2034 683 884
3471 -1152 609
9693 -3226 957
7509 -2498 780
-3972 1329 811
-4599 1538 950
9171 -3052 820
-4155 1390 789
-7233 2416 972
-6804 2273 210
-1134 383 113
3873 -1286 390
7746 -2577 665
6393 -2126 508
-9957 3324 301
9 2 205
735 -240 143
-171 62 6
-8103 2706 217
-5976 1997 243
-6906 2307 322
-315 110 78
-9654 3223 909
7473 -2486 131
8208 -2731 156
4386 -1457 803
-3807 1274 698
5238 -1741 544
2613 -866 60
-2802 939 602
2478 -821 311
-5061 1692 809
-5412 1809 938
2403 -796 764
3501 -1162 344
9162 -3049 573
-1806 607 704
3987 -1324 865
-84 33 316
9231 -3072 223
-9342 3119 159
7770 -2585 292
5658 -1881 307
2250 -745 380
-9408 3141 51
8517 -2834 197
1485 -490 137
-7656 2557 360
-3618 1211 126
-2466 827 366
-7002 2339 169
6750 -2245 626
9600 -3195 975
3036 -1007 646
5079 -1688 486
5763 -1916 450
-5283 1766 337
-8673 2896 104
8097 -2694 243
-3453 1156 403
6489 -2158 234
4746 -1577 366
-6669 2228 111
-5988 2001 847
-5079 1698 659
-3774 1263 823
4101 -1362 611
-7011 2342 512
2445 -810 728
-9669 3228 288
-1803 606 76
-2946 987 715
6963 -2316 555
1800 -595 689
-1476 497 77
-5841 1952 414
8844 -2943 859
-6963 2326 525
1050 -345 650
-9210 3075 848
8238 -2741 684
2385 -790 899
-8814 2943 266
6768 -2251 291
3993 -1326 77
-4233 1416 895
3804 -1263 435
2496 -827 775
6831 -2272 975
1224 -403 314
-8139 2718 916
7326 -2437 116
-4932 1649 184
-6381 2132 323
-6897 2304 797
4614 -1533 685
-2754 923 872
5709 -1898 273
-6606 2207 739
-3459 1158 997
-366 127 872
789 -258 103
-6789 2268 383
-3099 1038 902
-6609 2208 611
-6786 2267 596
4707 -1564 405
-4287 1434 583
7611 -2532 135
4518 -1501 328
4206 -1397 121
1827 -604 916
-6474 2163 424
-5934 1983 726
-6408 2141 92
3534 -1173 935
663 -216 61
-2184 733 837
-6222 2079 486
-9564 3193 789
-9270 3095 73
-6414 2143 24
-2418 811 978
-3018 1011 534
1677 -554 829
-3348 1121 514
-8307 2774 530
-984 333 52
9033 -3006 599
-4284 1433 895
5268 -1751 194
-4278 1431 814
7005 -2330 322
-348 121 632
4521 -1502 226
2679 -888 687
3834 -1273 176
-7188 2401 564
7503 -2496 837
1110 -365 398
9159 -3048 773
-8964 2993 391
6390 -2125 696
3609 -1198 221
5847 -1944 5
-5733 1916 841
-9738 3251 202
-6156 2057 281
1860 -615 146
-4209 1408 259
-1272 429 488
9534 -3173 666
5598 -1861 209
486 -157 320
-9828 3281 208
-1536 517 503
-9900 3305 744
5712 -1899 583
9438 -3141 15
-8514 2843 399
-7767 2594 310
261 -82 224
-4926 1647 46
5280 -1755 932
-7800 2605 751
-2853 956 444
-7965 2660 954
-4026 1347 767
-4992 1669 360
2124 -703 562
963 -316 42
1623 -536 34
4275 -1420 851
-6039 2018 153
8610 -2865 48
132 -39 156
9174 -3053 955
321 -102 358
-3402 1139 3
-1539 518 305
2163 -716 173
-1479 498 472
-2109 708 390
342 -109 534
-9108 3041 321
1218 -401 653
-4410 1475 751
-861 292 835
8085 -2690 458
-8670 2895 358
8568 -2851 17
-9972 3329 826
-2289 768 600
-4908 1641 311
-1182 399 710
1032 -339 359
-3837 1284 832
6063 -2016 381
3159 -1048 83
-5469 1828 619
1542 -509 105
939 -308 157
111 -32 888
6996 -2327 785
7209 -2398 748
2244 -743 704
-411 142 860
9021 -3002 545
2730 -905 702
-9195 3070 280
1812 -599 870
3186 -1057 349
5760 -1915 381
9411 -3132 476
5745 -1910 607
-2145 720 878
3006 -997 528
-6978 2331 891
4236 -1407 197
-8703 2906 37
4284 -1423 609
-9405 3140 721
9705 -3230 309
2937 -974 639
-1563 526 96
-7272 2429 63
-1314 443 224
6591 -2192 58
-273 96 176
6642 -2209 819
1899 -628 880
-6174 2063 447
-9153 3056 957
9624 -3203 401
-7797 2604 324
-2883 966 904
501 -162 867
-2925 980 731
4911 -1632 495
7392 -2459 357
9537 -3174 578
-3396 1137 895
-4107 1374 599
6822 -2269 661
-3996 1337 646
6054 -2013 687
1872 -619 568
-2658 891 778
-5214 1743 313
1590 -525 516
1806 -597 194
-1689 568 370
1380 -455 334
4461 -1482 98
-9783 3266 952
5376 -1787 566
-3477 1164 153
-9078 3031 831
-3144 1053 821
1779 -588 247
-5304 1773 410
-5439 1818 821
-3246 1087 253
-2958 991 306
7743 -2576 412
2169 -718 428
