1000
-3432 1149 350
6021 -2002 900
-9396 3137 892
-4047 1354 623
-9693 3236 172
5742 -1909 876
-6402 2139 386
-8964 2993 317
-4359 1458 88
-942 319 82
-3438 1151 928
-1422 479 669
7791 -2592 477
-8604 2873 416
5985 -1990 93
2934 -973 930
5079 -1688 789
-4689 1568 569
-1128 381 611
8388 -2791 239
2859 -948 229
6708 -2231 221
-6303 2106 611
3003 -996 191
7830 -2605 819
945 -310 142
3489 -1158 939
1968 -651 47
-7920 2645 310
2121 -702 644
9786 -3257 308
5073 -1686 554
-7950 2655 732
-9138 3051 518
9882 -3289 725
6732 -2239 734
6096 -2027 616
-6951 2322 960
2691 -892 845
3630 -1205 760
4803 -1596 206
111 -32 364
4764 -1583 184
-9048 3021 37
-3585 1200 762
-3678 1231 37
-4920 1645 962
8745 -2910 460
2082 -689 47
7356 -2447 467
-3819 1278 945
-5268 1761 83
-2451 822 289
7845 -2610 377
-6348 2121 616
-3201 1072 232
-6894 2303 893
6633 -2206 442
1707 -564 525
-8454 2823 452
9039 -3008 728
4866 -1617 654
5691 -1892 170
3675 -1220 868
-5439 1818 865
4005 -1330 507
-549 188 531
-8607 2874 196
-7884 2633 875
1437 -474 644
3621 -1202 907
2301 -762 324
3423 -1136 361
537 -174 780
8754 -2913 684
-513 176 88
-7431 2482 559
6219 -2068 491
-6864 2293 227
3795 -1260 271
-4020 1345 92
-3018 1011 604
84 -23 203
-9630 3215 780
4986 -1657 225
1296 -427 19
-576 197 258
3822 -1269 950
-4458 1491 261
-9555 3190 623
3060 -1015 709
-5121 1712 906
-3339 1118 229
-8595 2870 167
-9252 3089 298
-6294 2103 320
-3900 1305 174
1347 -444 542
-837 284 642
1290 -425 41
3831 -1272 366
-765 260 150
-7833 2616 643
-9996 3337 282
-3630 1215 393
8478 -2821 716
786 -257 893
4131 -1372 31
-2637 884 494
432 -139 316
3594 -1193 592
7779 -2588 359
-8649 2888 931
6684 -2223 557
9990 -3325 500
9534 -3173 279
5766 -1917 285
243 -76 128
357 -114 156
-4872 1629 700
-234 83 75
-8862 2959 555
2463 -816 727
-459 158 921
-5472 1829 114
3372 -1119 938
-5760 1925 787
-174 63 245
573 -186 455
381 -122 488
1224 -403 136
81 -22 566
8610 -2865 882
-8715 2910 385
4914 -1633 935
5754 -1913 797
4470 -1485 468
8673 -2886 80
4479 -1488 264
4632 -1539 144
-7935 2650 372
-2682 899 142
8220 -2735 328
9720 -3235 396
3654 -1213 441
-339 118 8
9153 -3046 168
8322 -2769 479
6636 -2207 276
-2535 850 234
-669 228 29
6435 -2140 792
-9084 3033 640
-8751 2922 4
7980 -2655 137
-900 305 66
-6804 2273 514
-5631 1882 116
-4875 1630 502
-6036 2017 164
9858 -3281 567
-2031 682 244
-996 337 252
2052 -679 842
6759 -2248 692
7653 -2546 192
5202 -1729 206
5046 -1677 792
-2652 889 282
1938 -641 256
6168 -2051 271
555 -180 372
-1782 599 355
8376 -2787 355
2634 -873 251
-1995 670 739
9273 -3086 484
-4338 1451 887
-3042 1019 981
6195 -2060 315
-7464 2493 203
-1071 362 93
1152 -379 197
-8793 2936 447
3186 -1057 36
4323 -1436 66
264 -83 923
186 -57 381
-4077 1364 170
-8682 2899 787
-3840 1285 344
5190 -1725 559
2718 -901 431
7638 -2541 113
-8859 2958 440
-1734 583 767
8277 -2754 348
1563 -516 561
8991 -2992 910
2823 -936 431
-9045 3020 138
5418 -1801 98
2355 -780 368
7713 -2566 192
5238 -1741 741
5583 -1856 608
3258 -1081 234
-1578 531 983
-7512 2509 656
-3873 1296 985
-7062 2359 67
-7212 2409 582
885 -290 348
6315 -2100 904
-135 50 940
7320 -2435 733
7659 -2548 444
-3102 1039 121
-2823 946 236
-1806 607 350
6993 -2326 559
7014 -2333 281
6807 -2264 271
-1956 657 158
228 -71 778
2457 -814 383
-9111 3042 92
-4395 1470 357
-3966 1327 978
126 -37 96
2040 -675 446
4818 -1601 406
-7155 2390 328
30 -5 775
-4170 1395 124
3093 -1026 411
2217 -734 480
-6015 2010 481
-1866 627 84
-6324 2113 376
4194 -1393 490
-4200 1405 950
5805 -1930 847
7158 -2381 542
-5859 1958 981
9945 -3310 363
9654 -3213 122
4356 -1447 780
1230 -405 94
2022 -669 38
-2724 913 910
5811 -1932 147
-6117 2044 537
-1236 417 960
-6789 2268 718
9429 -3138 58
-7005 2340 883
7035 -2340 111
-2997 1004 315
8877 -2954 629
2142 -709 986
-4752 1589 941
-8259 2758 634
9894 -3293 852
9045 -3010 24
8982 -2989 861
-7446 2487 373
-1737 584 929
-993 336 619
5907 -1964 712
5199 -1728 51
6198 -2061 277
6177 -2054 388
-276 97 116
375 -120 188
-6390 2135 695
1917 -634 678
-3126 1047 245
3159 -1048 29
4251 -1412 459
-4728 1581 109
2976 -987 855
-1197 404 736
2829 -938 766
5214 -1733 292
9336 -3107 175
-8154 2723 249
-7359 2458 93
4854 -1613 679
-9999 3338 451
3867 -1284 104
-2601 872 726
1716 -567 264
-822 279 832
4692 -1559 411
-2505 840 271
-5715 1910 653
-7782 2599 903
9645 -3210 380
9870 -3285 307
-3090 1035 416
216 -67 87
6855 -2280 667
-5745 1920 588
2127 -704 967
2664 -883 768
-9537 3184 774
4728 -1571 815
-7770 2595 291
5634 -1873 731
7725 -2570 733
-7026 2347 318
-2343 786 151
966 -317 840
-9915 3310 436
-2367 794 438
4500 -1495 82
9075 -3020 629
-9144 3053 856
-5784 1933 904
-1467 494 486
1731 -572 109
-2391 802 662
8592 -2859 434
4119 -1368 920
5013 -1666 752
-3606 1207 298
420 -135 650
-6126 2047 459
-6939 2318 723
2190 -725 683
5103 -1696 14
7578 -2521 659
1659 -548 898
-9132 3049 334
6522 -2169 760
4557 -1514 851
-5295 1770 988
-4506 1507 813
-4965 1660 277
-1044 353 363
-4707 1574 611
-2232 749 831
-1113 376 554
-9777 3264 62
6969 -2318 833
-3465 1160 602
-933 316 293
8319 -2768 104
5400 -1795 471
-4827 1614 609
-7968 2661 714
6972 -2319 437
924 -303 664
4437 -1474 111
-8130 2715 805
-9633 3216 384
9108 -3031 21
-7029 2348 613
6825 -2270 212
-5490 1835 307
-4521 1512 292
-3633 1216 416
-1470 495 449
-8880 2965 429
7008 -2331 332
-3564 1193 829
-672 229 371
2844 -943 557
-1263 426 775
-2814 943 911
6897 -2294 423
-3363 1126 718
7899 -2628 751
-4686 1567 857
-9507 3174 78
2967 -984 337
-4893 1636 339
4890 -1625 618
-8898 2971 675
-4326 1447 896
9705 -3230 485
8187 -2724 813
-2694 903 798
-1776 597 301
2208 -731 206
5823 -1936 908
8178 -2721 987
-3129 1048 843
-3762 1259 948
4518 -1501 929
-6381 2132 709
9552 -3179 706
-9333 3116 865
-7287 2434 646
2091 -692 160
-3729 1248 1000
24 -3 821
4278 -1421 330
4011 -1332 472
-7455 2490 505
1329 -438 178
696 -227 623
6420 -2135 443
-8334 2783 754
7776 -2587 138
4236 -1407 664
-5406 1807 692
6039 -2008 459
-9810 3275 604
-555 190 4
-9054 3023 330
6906 -2297 211
8403 -2796 49
-3972 1329 260
6816 -2267 743
-8208 2741 362
-9348 3121 967
1446 -477 505
-3045 1020 383
-9732 3249 799
48 -11 156
-5220 1745 840
261 -82 273
-2298 771 659
-4179 1398 8
-2295 770 995
-273 96 532
-7851 2622 281
9465 -3150 804
3966 -1317 603
-6039 2018 446
-2010 675 620
1497 -494 441
-8760 2925 986
-2607 874 700
-2064 693 752
6798 -2261 210
-171 62 573
-534 183 352
-1761 592 907
7875 -2620 489
5910 -1965 250
5679 -1888 274
2160 -715 740
-1221 412 953
-5997 2004 743
-6795 2270 166
-9195 3070 492
-7203 2406 744
-1443 486 565
-1020 345 426
-5319 1778 885
1512 -499 950
6204 -2063 383
2019 -668 361
3240 -1075 121
-108 41 350
1341 -442 649
4812 -1599 299
894 -293 294
-5100 1705 311
-3204 1073 20
-7254 2423 161
9348 -3111 815
8664 -2883 234
-9399 3138 623
9963 -3316 780
-6279 2098 424
5166 -1717 538
7650 -2545 259
-246 87 353
-8934 2983 587
-1989 668 963
-3837 1284 431
-9360 3125 734
582 -189 343
-1035 350 807
-5721 1912 486
-8139 2718 227
-4152 1389 605
2244 -743 641
-5943 1986 161
-1557 524 746
7212 -2399 649
-2022 679 869
6396 -2127 608
7281 -2422 269
3516 -1167 883
-9285 3100 996
-7137 2384 884
-3813 1276 565
3636 -1207 501
-8223 2746 148
6657 -2214 280
4734 -1573 361
9408 -3131 780
5751 -1912 151
4572 -1519 614
-9822 3279 755
3939 -1308 830
1875 -620 338
-267 94 25
3834 -1273 106
-4605 1540 375
-1656 557 195
4152 -1379 600
7920 -2635 274
5820 -1935 619
288 -91 349
588 -191 464
1719 -568 924
-4380 1465 208
8049 -2678 196
7764 -2583 611
-5919 1978 648
5943 -1976 639
-8298 2771 40
5589 -1858 656
5736 -1907 422
7116 -2367 152
5421 -1802 636
-7320 2445 838
6261 -2082 694
5430 -1805 809
-2880 965 906
9126 -3037 79
2118 -701 384
7038 -2341 565
-8889 2968 735
5298 -1761 695
6609 -2198 346
-8043 2686 165
-9843 3286 71
2499 -828 841
-9576 3197 150
9201 -3062 158
5115 -1700 318
3525 -1170 822
5478 -1821 67
-7938 2651 506
1554 -513 573
-1458 491 252
1023 -336 105
3138 -1041 250
1848 -611 93
8196 -2727 902
-8955 2990 347
2376 -787 828
-1635 550 524
5268 -1751 149
2757 -914 678
9930 -3305 30
1626 -537 566
6549 -2178 617
2469 -818 249
-6777 2264 441
8439 -2808 937
-8106 2707 90
-6918 2311 36
5154 -1713 692
9288 -3091 545
-1056 357 223
-5928 1981 412
4305 -1430 365
7149 -2378 460
8469 -2818 714
-1167 394 634
-9432 3149 244
7335 -2440 178
-2448 821 686
-2562 859 802
-4092 1369 329
-8487 2834 175
7908 -2631 152
-894 303 630
-1980 665 43
-2829 948 855
-7638 2551 220
699 -228 68
5289 -1758 570
-723 246 198
2391 -792 558
9807 -3264 440
5253 -1746 815
-9216 3077 399
9801 -3262 267
4926 -1637 988
-2163 726 770
-9912 3309 78
2433 -806 778
5886 -1957 973
-7842 2619 980
-7368 2461 753
6723 -2236 506
-1920 645 75
-4719 1578 368
-3903 1306 229
2766 -917 219
-7980 2665 408
-1830 615 182
-5601 1872 10
-3312 1109 106
-282 99 512
8295 -2760 262
-9657 3224 910
8406 -2797 875
7143 -2376 507
-1695 570 352
2106 -697 100
-810 275 895
-12 9 247
-510 175 859
4929 -1638 388
8145 -2710 955
-7695 2570 417
-4035 1350 144
4287 -1424 362
5646 -1877 376
285 -90 566
-3858 1291 127
-4053 1356 402
9891 -3292 977
-7632 2549 91
9810 -3265 241
-9387 3134 284
-426 147 290
3204 -1063 742
5307 -1764 309
-2091 702 567
-1122 379 169
4989 -1658 624
-5124 1713 393
-2988 1001 904
-1131 382 299
4386 -1457 7
651 -212 972
-1908 641 945
3477 -1154 216
6534 -2173 13
4908 -1631 713
9783 -3256 793
5178 -1721 720
69 -18 828
-3396 1137 829
-6084 2033 78
-8874 2963 893
-999 338 57
8496 -2827 652
3225 -1070 510
-2853 956 582
-4008 1341 537
-6648 2221 94
-7776 2597 838
8763 -2916 177
9777 -3254 924
3414 -1133 233
-7500 2505 587
-2277 764 55
8844 -2943 19
-8886 2967 616
-9861 3292 432
3435 -1140 699
-5322 1779 986
9114 -3033 318
-2760 925 418
7455 -2480 549
-4983 1666 804
-1506 507 409
-3276 1097 23
-3336 1117 524
-7650 2555 563
-1398 471 534
-351 122 976
-5385 1800 904
4824 -1603 967
-732 249 866
1797 -594 738
-8970 2995 481
8868 -2951 375
6384 -2123 996
-6336 2117 89
1173 -386 424
561 -182 103
-4413 1476 282
7971 -2652 573
-9954 3323 856
1440 -475 763
6294 -2093 693
-2076 697 611
3642 -1209 632
6111 -2032 405
3639 -1208 358
-6192 2069 108
-3330 1115 13
-9459 3158 285
-8511 2842 862
9105 -3030 875
-7692 2569 747
-8991 3002 395
7044 -2343 680
5025 -1670 889
4656 -1547 150
1578 -521 227
-123 46 425
-4533 1516 417
4851 -1612 51
-8781 2932 164
2400 -795 498
6024 -2003 225
6123 -2036 694
-9402 3139 120
-6954 2323 302
-6507 2174 56
2325 -770 674
-9243 3086 474
-5403 1806 999
-1791 602 661
7404 -2463 672
-153 56 832
-4809 1608 396
-9957 3324 429
-7362 2459 264
9192 -3059 19
8340 -2775 850
9444 -3143 3
1893 -626 878
2415 -800 918
3948 -1311 232
-9168 3061 782
7443 -2476 792
-4434 1483 419
-9618 3211 60
6501 -2162 142
-147 54 797
-7542 2519 403
-4572 1529 21
3285 -1090 813
8490 -2825 901
-8262 2759 180
8331 -2772 519
-1965 660 72
-3345 1120 298
-645 220 793
5043 -1676 339
6864 -2283 653
-8724 2913 591
2697 -894 266
4947 -1644 219
-3615 1210 603
-8445 2820 279
5433 -1806 202
6423 -2136 551
-5853 1956 11
-1626 547 103
1302 -429 647
-6738 2251 724
-6981 2332 591
1455 -480 60
3231 -1072 674
1425 -470 292
2778 -921 603
-3864 1293 176
5049 -1678 163
4092 -1359 834
2805 -930 545
8571 -2852 13
9345 -3110 968
5031 -1672 466
3546 -1177 732
1911 -632 723
3486 -1157 547
579 -188 769
-7539 2518 619
3942 -1309 614
-2529 848 967
1245 -410 649
-180 65 160
3051 -1012 769
-8370 2795 697
6003 -1996 246
-729 248 279
-8835 2950 82
6561 -2182 997
-9960 3325 546
-8034 2683 83
-7788 2601 742
2346 -777 708
-8277 2764 619
8895 -2960 532
-7614 2543 135
-5070 1695 542
9504 -3163 825
-1647 554 402
8757 -2914 425
6249 -2078 946
-3531 1182 940
-8148 2721 657
7506 -2497 867
9978 -3321 986
-6147 2054 258
8775 -2920 494
678 -221 714
7056 -2347 436
6162 -2049 808
-6387 2134 895
3927 -1304 279
9606 -3197 982
-6741 2252 846
-5265 1760 734
-3123 1046 449
-7086 2367 680
-1362 459 805
6768 -2251 972
1206 -397 878
8502 -2829 962
1689 -558 351
-6579 2198 19
-1749 588 797
-3075 1030 205
1128 -371 533
-288 101 448
9483 -3156 330
-5886 1967 212
-5313 1776 457
-4890 1635 643
-5094 1703 631
7896 -2627 67
-354 123 73
-8574 2863 159
-6594 2203 920
-2820 945 595
-195 70 116
-969 328 386
1914 -633 901
-3789 1268 5
-501 172 383
2964 -983 350
-4329 1448 982
5631 -1872 998
4221 -1402 27
4770 -1585 565
-468 161 463
7347 -2444 190
4641 -1542 746
-6042 2019 256
9855 -3280 292
9564 -3183 311
7299 -2428 772
1980 -655 711
9588 -3191 895
-6960 2325 382
7512 -2499 118
2460 -815 849
-1185 400 141
3549 -1178 343
7827 -2604 702
6069 -2018 941
7215 -2400 98
-987 334 696
-1053 356 618
666 -217 289
8694 -2893 277
5346 -1777 842
6324 -2103 684
7872 -2619 194
1788 -591 442
-5508 1841 464
1467 -484 118
-4992 1669 816
9537 -3174 993
1815 -600 6
-714 243 253
4173 -1386 76
6744 -2243 196
8250 -2745 859
2418 -801 564
-2757 924 952
-5388 1801 122
2991 -992 159
1866 -617 815
7257 -2414 822
7101 -2362 365
4899 -1628 65
6885 -2290 667
-4332 1449 173
-4839 1618 41
6747 -2244 909
1641 -542 404
1764 -583 563
-6714 2243 446
1047 -344 870
-3408 1141 812
2061 -682 1
2649 -878 991
-5355 1790 997
2880 -955 746
1800 -595 504
-4083 1366 262
9939 -3308 89
7395 -2460 951
-1665 560 495
-2187 734 812
4887 -1624 538
3321 -1102 469
312 -99 746
9762 -3249 479
5151 -1712 843
-9462 3159 529
-7725 2580 59
8595 -2860 766
-7002 2339 354
-3474 1163 507
3000 -995 209
7710 -2565 636
3852 -1279 229
2571 -852 318
9516 -3167 282
-2571 862 939
6303 -2096 244
3474 -1153 927
-8292 2769 585
-9006 3007 877
-9783 3266 457
4680 -1555 498
4275 -1420 373
-2220 745 872
7863 -2616 828
-8343 2786 877
-7434 2483 368
-5694 1903 440
-4317 1444 106
-2928 981 971
7197 -2394 999
-1095 370 395
-1371 462 663
-8010 2675 906
5265 -1750 460
3306 -1097 263
-3333 1116 875
6084 -2023 603
-8076 2697 512
3459 -1148 568
-2157 724 387
1209 -398 215
-6966 2327 3
1197 -394 257
-3513 1176 484
5808 -1931 644
8709 -2898 27
6822 -2269 115
7371 -2452 493
-7740 2585 808
-5958 1991 744
9549 -3178 887
768 -251 798
-5283 1766 247
-876 297 440
-6006 2007 174
6510 -2165 811
4527 -1504 273
-8844 2953 549
9981 -3322 403
-7644 2553 777
-1455 490 1
501 -162 440
-2709 908 59
7080 -2355 419
-543 186 861
-1599 538 184
-1668 561 442
-8079 2698 81
483 -156 896
6579 -2188 32
-7350 2455 242
-3381 1132 203
1956 -647 186
-3366 1127 600
3075 -1020 777
-7260 2425 719
3687 -1224 292
7326 -2437 395
-7056 2357 387
-6447 2154 540
-834 283 370
-1518 511 123
6282 -2089 582
5778 -1921 305
3606 -1197 233
2370 -785 901
2349 -778 367
441 -142 345
5412 -1799 880
2316 -767 83
8739 -2908 495
-4845 1620 724
-1563 526 961
-4203 1406 680
-9765 3260 967
7233 -2406 240
