1000
-10 10 1000
3324 3317 347
-2524 -2531 525
-7505 -7512 679
5734 5727 767
-7814 -7821 774
-3018 -3025 859
-8669 -8676 377
-9692 -9699 159
-7071 -7078 642
-7779 -7786 589
9926 9919 507
6354 6347 103
9129 9122 199
-8694 -8701 18
-904 -911 159
-5183 -5190 349
8347 8340 813
4541 4534 201
-3638 -3645 422
-9446 -9453 458
-8378 -8385 884
-9888 -9895 807
4047 4040 288
-9373 -9380 869
-9345 -9352 447
9824 9817 670
5906 5899 597
8354 8347 465
3757 3750 321
3720 3713 825
263 256 225
7340 7333 181
-7406 -7413 396
-8401 -8408 357
-3839 -3846 619
5093 5086 76
-108 -115 501
1691 1684 405
1251 1244 780
6083 6076 584
369 362 579
-9239 -9246 494
-4343 -4350 18
-652 -659 296
455 448 114
2338 2331 90
-2870 -2877 315
4466 4459 276
6074 6067 716
-3609 -3616 454
1712 1705 294
8599 8592 274
-4503 -4510 671
-23 -30 535
-5198 -5205 243
5666 5659 804
3340 3333 241
-307 -314 35
-5203 -5210 620
5420 5413 834
9197 9190 605
9957 9950 278
-1432 -1439 486
-7313 -7320 471
1953 1946 286
8397 8390 660
6623 6616 289
-9082 -9089 406
3218 3211 174
-9975 -9982 546
-535 -542 730
7065 7058 425
2993 2986 369
-3261 -3268 45
9713 9706 713
-6608 -6615 797
-1886 -1893 801
-99 -106 284
7093 7086 429
650 643 314
2797 2790 878
5848 5841 862
9915 9908 346
6284 6277 757
7394 7387 202
1795 1788 517
-5957 -5964 693
-1476 -1483 224
1721 1714 147
7433 7426 239
-6031 -6038 807
-9348 -9355 42
1074 1067 749
6297 6290 800
-8855 -8862 657
-8835 -8842 782
337 330 434
-9958 -9965 293
-5910 -5917 138
-4740 -4747 434
-4203 -4210 877
434 427 312
8817 8810 140
-8910 -8917 852
-4727 -4734 746
2011 2004 422
8534 8527 317
-4232 -4239 64
-5440 -5447 387
-9336 -9343 636
6200 6193 861
-8437 -8444 61
-9033 -9040 798
846 839 846
-8616 -8623 779
-6242 -6249 205
-7281 -7288 195
9223 9216 7
3518 3511 730
-3031 -3038 403
-1710 -1717 448
-8355 -8362 663
-1396 -1403 6
1647 1640 625
-4509 -4516 566
-135 -142 812
-6820 -6827 841
-4311 -4318 527
-5311 -5318 518
1919 1912 375
-481 -488 12
5830 5823 731
8601 8594 721
6224 6217 760
7262 7255 891
-4931 -4938 272
2155 2148 868
-6362 -6369 717
-3212 -3219 217
269 262 19
7259 7252 24
2787 2780 237
6920 6913 802
-4988 -4995 220
-9361 -9368 745
9694 9687 445
6583 6576 143
9093 9086 673
-3570 -3577 572
-6179 -6186 589
-4385 -4392 53
-9245 -9252 619
-3038 -3045 824
9020 9013 669
7863 7856 504
1516 1509 254
-6449 -6456 440
-2625 -2632 4
-2949 -2956 578
-2951 -2958 262
2663 2656 750
-8881 -8888 172
-7131 -7138 80
-5147 -5154 309
-9910 -9917 874
6334 6327 671
-5974 -5981 468
4690 4683 130
-2957 -2964 794
5526 5519 788
1878 1871 545
-2204 -2211 747
-1900 -1907 553
-7371 -7378 251
5378 5371 461
8388 8381 56
4369 4362 423
-7008 -7015 368
2701 2694 791
-2402 -2409 398
-5375 -5382 47
7699 7692 193
-1051 -1058 707
-6565 -6572 613
9634 9627 427
-4027 -4034 725
2164 2157 882
7317 7310 448
-5185 -5192 654
9783 9776 625
7588 7581 179
4150 4143 205
-3931 -3938 843
7928 7921 566
199 192 704
3602 3595 165
4813 4806 84
5818 5811 86
-3443 -3450 754
9095 9088 384
-3039 -3046 868
-874 -881 409
6577 6570 291
-9640 -9647 257
-9765 -9772 107
4056 4049 394
-984 -991 900
-5611 -5618 579
-155 -162 393
-1580 -1587 331
4971 4964 364
8405 8398 272
618 611 487
4099 4092 804
3756 3749 538
-5804 -5811 84
-1122 -1129 83
-1349 -1356 660
9874 9867 850
-9223 -9230 375
6486 6479 192
-1252 -1259 114
-1373 -1380 165
-4759 -4766 119
-6656 -6663 65
-8793 -8800 615
4031 4024 632
-7410 -7417 646
4827 4820 872
4510 4503 542
-3317 -3324 556
1188 1181 664
8153 8146 242
-5672 -5679 268
-7521 -7528 248
6590 6583 477
4565 4558 697
-2144 -2151 402
7913 7906 491
-1587 -1594 187
-3060 -3067 194
3118 3111 695
8644 8637 588
-449 -456 497
-5630 -5637 420
-1330 -1337 640
-3259 -3266 750
5240 5233 529
7927 7920 768
-744 -751 450
6288 6281 872
7967 7960 131
-1088 -1095 16
6203 6196 695
-1966 -1973 351
3513 3506 764
781 774 379
3983 3976 411
-9947 -9954 437
-5678 -5685 59
-7944 -7951 746
-2987 -2994 284
5280 5273 460
9531 9524 211
9243 9236 191
-3213 -3220 830
2674 2667 822
7793 7786 122
2729 2722 763
-8147 -8154 651
-3278 -3285 833
8948 8941 534
4450 4443 672
-9328 -9335 369
-1161 -1168 445
5627 5620 103
-4072 -4079 303
-4706 -4713 761
131 124 130
-8707 -8714 111
-6828 -6835 856
6248 6241 386
-8121 -8128 601
-2423 -2430 734
-4555 -4562 414
-5688 -5695 458
-7105 -7112 304
-4805 -4812 633
-1839 -1846 300
-6382 -6389 53
-8322 -8329 713
-972 -979 39
7452 7445 14
-9542 -9549 142
4336 4329 345
-3933 -3940 676
5760 5753 848
-6360 -6367 276
6301 6294 119
5442 5435 469
2552 2545 873
-1832 -1839 646
5023 5016 749
4934 4927 108
594 587 671
-5249 -5256 403
9006 8999 392
-114 -121 900
5813 5806 841
3402 3395 295
5751 5744 60
2717 2710 640
-499 -506 527
-172 -179 670
8014 8007 170
-7752 -7759 836
3138 3131 899
-9232 -9239 73
5518 5511 419
2475 2468 269
-6588 -6595 724
-3466 -3473 762
-5838 -5845 204
-6085 -6092 808
-4102 -4109 182
-30 -37 632
6782 6775 79
-9829 -9836 539
-6737 -6744 528
739 732 5
-9242 -9249 676
-4395 -4402 43
1358 1351 589
6231 6224 405
5910 5903 433
6814 6807 695
-2800 -2807 886
7603 7596 54
459 452 100
4005 3998 818
-7580 -7587 887
-1093 -1100 199
-5133 -5140 181
-7682 -7689 234
558 551 393
-63 -70 251
-6559 -6566 204
-5079 -5086 238
-4319 -4326 197
2493 2486 699
-9628 -9635 439
-81 -88 81
-1106 -1113 666
-1059 -1066 164
-539 -546 129
8203 8196 847
-7017 -7024 456
1735 1728 492
2113 2106 209
1215 1208 452
-9207 -9214 654
1634 1627 805
-1250 -1257 565
7064 7057 321
3729 3722 363
2570 2563 587
8211 8204 201
5396 5389 715
-5120 -5127 148
-5774 -5781 311
-8702 -8709 857
9730 9723 743
6511 6504 34
-1701 -1708 886
5793 5786 702
724 717 102
4899 4892 202
4870 4863 780
1451 1444 377
-6192 -6199 599
-654 -661 669
-1005 -1012 580
8522 8515 295
-8498 -8505 676
1981 1974 294
3371 3364 796
-9292 -9299 329
7891 7884 852
1922 1915 735
7198 7191 881
9173 9166 893
2276 2269 166
-8086 -8093 3
-4643 -4650 159
8162 8155 773
-9020 -9027 776
4459 4452 466
2770 2763 670
-1001 -1008 320
265 258 60
-8687 -8694 310
-5905 -5912 590
-4043 -4050 738
-5868 -5875 368
-6001 -6008 312
5549 5542 666
3808 3801 322
2042 2035 498
-5466 -5473 487
9513 9506 179
4297 4290 137
-9288 -9295 803
-102 -109 14
9697 9690 576
2843 2836 120
2420 2413 645
9105 9098 243
5782 5775 874
-9701 -9708 274
7714 7707 173
1930 1923 784
9382 9375 468
-6838 -6845 504
4659 4652 452
-9078 -9085 639
-451 -458 780
-7049 -7056 707
-2470 -2477 619
-549 -556 153
-4705 -4712 183
-582 -589 568
-4030 -4037 38
-9508 -9515 325
-9691 -9698 261
7211 7204 730
2280 2273 277
8743 8736 445
7490 7483 664
1067 1060 799
4992 4985 279
8476 8469 236
-2818 -2825 358
-1542 -1549 328
-4161 -4168 250
932 925 636
6515 6508 765
7682 7675 607
8539 8532 890
2138 2131 99
4016 4009 447
4209 4202 663
-8690 -8697 754
-5941 -5948 837
-158 -165 49
9753 9746 527
3893 3886 319
-2318 -2325 191
-3409 -3416 546
-1583 -1590 383
4215 4208 888
-587 -594 318
5523 5516 693
4719 4712 699
-2179 -2186 316
1234 1227 712
1384 1377 177
4766 4759 7
-5861 -5868 808
9904 9897 423
-4743 -4750 806
6329 6322 755
9973 9966 170
-4932 -4939 281
-330 -337 551
-269 -276 839
-9291 -9298 33
-8765 -8772 509
7761 7754 154
6949 6942 876
3351 3344 523
1742 1735 764
-4793 -4800 805
3934 3927 718
9191 9184 217
-6026 -6033 815
9057 9050 765
-3275 -3282 807
8821 8814 509
-3191 -3198 156
432 425 84
-9280 -9287 542
-8155 -8162 374
-6911 -6918 66
722 715 694
-4317 -4324 143
2397 2390 722
-5942 -5949 235
6974 6967 154
6646 6639 754
6937 6930 465
8643 8636 871
-1672 -1679 743
8189 8182 283
517 510 104
3099 3092 714
7694 7687 603
-1916 -1923 264
-4016 -4023 667
-4463 -4470 786
-6955 -6962 148
-5049 -5056 226
4837 4830 680
-1346 -1353 320
-9324 -9331 533
-7047 -7054 787
2521 2514 152
4607 4600 863
-2095 -2102 740
-5874 -5881 614
7085 7078 759
5854 5847 330
-8781 -8788 832
-3793 -3800 361
-9711 -9718 474
1756 1749 407
-1511 -1518 139
7937 7930 74
-7094 -7101 867
-835 -842 344
-9532 -9539 739
3923 3916 646
8249 8242 783
7662 7655 553
-2259 -2266 190
-5497 -5504 713
-7190 -7197 484
134 127 462
-3787 -3794 329
-6233 -6240 601
-602 -609 30
6912 6905 338
-8348 -8355 587
-8654 -8661 238
6348 6341 135
5588 5581 327
-3520 -3527 627
553 546 143
3468 3461 547
8664 8657 832
-2118 -2125 156
2956 2949 418
-6546 -6553 492
-2373 -2380 834
-8251 -8258 616
-762 -769 146
-1298 -1305 86
6821 6814 783
-991 -998 162
-43 -50 703
103 96 630
-7911 -7918 269
-3293 -3300 779
-2654 -2661 214
-8494 -8501 514
3763 3756 804
-8493 -8500 587
-8750 -8757 224
-5277 -5284 464
9760 9753 59
921 914 52
1422 1415 562
212 205 197
4537 4530 675
-2808 -2815 866
-9477 -9484 629
-1598 -1605 309
8048 8041 467
-9199 -9206 100
-6533 -6540 861
-2383 -2390 525
4838 4831 336
-5280 -5287 485
-1418 -1425 205
-4324 -4331 445
6783 6776 43
-452 -459 119
-2415 -2422 715
-8463 -8470 751
4891 4884 391
-8603 -8610 503
3327 3320 301
-9764 -9771 567
1087 1080 808
5250 5243 107
-9834 -9841 440
4410 4403 49
-8696 -8703 747
-1840 -1847 860
774 767 197
-7576 -7583 534
-9546 -9553 189
375 368 85
8147 8140 334
5167 5160 421
-9559 -9566 673
-370 -377 548
-9641 -9648 597
5052 5045 556
-7422 -7429 208
8719 8712 103
4015 4008 578
5188 5181 311
8266 8259 423
-9513 -9520 399
7000 6993 307
-9814 -9821 55
-7330 -7337 316
8770 8763 717
1016 1009 672
-3098 -3105 45
685 678 879
-1780 -1787 6
2506 2499 144
231 224 24
9086 9079 55
-1934 -1941 343
-7442 -7449 887
8076 8069 845
-7833 -7840 720
3882 3875 560
7589 7582 772
1318 1311 841
1013 1006 585
8104 8097 117
-2252 -2259 11
-9389 -9396 333
8598 8591 538
2968 2961 401
5648 5641 831
3663 3656 653
-7240 -7247 889
354 347 281
2910 2903 362
-4493 -4500 259
-2124 -2131 811
-1282 -1289 861
-6866 -6873 406
9461 9454 66
-9880 -9887 202
-4108 -4115 427
-2929 -2936 487
-1933 -1940 329
-7735 -7742 312
-4407 -4414 263
1198 1191 729
-7630 -7637 137
-5604 -5611 201
-2952 -2959 732
600 593 508
2173 2166 198
3536 3529 342
-6234 -6241 770
-89 -96 671
3369 3362 589
-351 -358 797
-6462 -6469 786
9340 9333 313
9194 9187 665
-2729 -2736 77
466 459 165
4491 4484 69
3494 3487 598
-6713 -6720 658
-3708 -3715 367
-3367 -3374 141
-1905 -1912 695
-6103 -6110 743
-2727 -2734 12
1978 1971 598
-5761 -5768 413
662 655 851
4627 4620 626
-5587 -5594 246
7316 7309 141
5435 5428 444
-2725 -2732 568
-2325 -2332 331
-8600 -8607 561
9564 9557 569
-2533 -2540 302
-6841 -6848 877
-8394 -8401 468
-5933 -5940 159
5959 5952 812
-2866 -2873 446
-217 -224 472
3607 3600 894
6169 6162 440
4666 4659 803
4356 4349 707
4053 4046 125
7938 7931 448
7871 7864 79
-7823 -7830 250
9307 9300 341
-8146 -8153 775
2229 2222 827
-4910 -4917 702
4253 4246 789
3535 3528 434
-9130 -9137 407
6253 6246 682
6400 6393 589
-5453 -5460 46
-617 -624 268
-5386 -5393 330
6779 6772 486
665 658 454
9126 9119 746
1152 1145 433
-8370 -8377 495
-1133 -1140 399
2359 2352 504
-6170 -6177 220
7766 7759 652
-7819 -7826 683
-9593 -9600 374
5810 5803 758
3354 3347 518
-3344 -3351 561
4769 4762 172
9800 9793 308
-3854 -3861 626
-2172 -2179 66
-7945 -7952 569
108 101 481
-2371 -2378 839
-3763 -3770 878
-723 -730 674
3838 3831 387
4223 4216 544
129 122 674
2555 2548 464
-4278 -4285 299
7538 7531 750
2744 2737 86
-9398 -9405 144
2756 2749 835
-412 -419 538
4324 4317 205
9988 9981 728
-1711 -1718 492
-9106 -9113 206
-4281 -4288 324
4880 4873 83
5855 5848 897
2077 2070 541
4952 4945 289
4639 4632 829
3042 3035 731
9890 9883 516
3633 3626 792
1088 1081 299
-4633 -4640 236
-6209 -6216 223
-6118 -6125 449
2972 2965 878
-1023 -1030 203
7958 7951 361
6419 6412 332
8049 8042 399
-27 -34 871
-1922 -1929 579
-2735 -2742 605
-6342 -6349 557
-2330 -2337 632
9657 9650 572
4155 4148 46
5908 5901 113
-6499 -6506 4
-2171 -2178 765
-4225 -4232 208
-6128 -6135 555
2998 2991 89
-3163 -3170 698
-383 -390 390
7923 7916 205
8780 8773 98
6765 6758 813
-1576 -1583 741
5875 5868 33
6893 6886 834
-6849 -6856 802
-9366 -9373 707
1112 1105 86
-1656 -1663 847
-9326 -9333 761
-5680 -5687 872
7857 7850 700
-971 -978 620
-1248 -1255 675
1139 1132 473
-1316 -1323 257
-9731 -9738 669
-4360 -4367 426
-2895 -2902 607
-9061 -9068 653
8554 8547 645
-8323 -8330 152
-8617 -8624 600
-5805 -5812 772
8115 8108 168
1161 1154 15
-1678 -1685 178
-8726 -8733 717
-3392 -3399 128
-1558 -1565 127
2492 2485 76
9464 9457 469
-100 -107 187
-9364 -9371 715
-4846 -4853 70
-4461 -4468 559
6101 6094 839
9429 9422 499
1258 1251 871
-9825 -9832 424
1150 1143 480
-1268 -1275 826
-4398 -4405 169
5592 5585 784
1949 1942 13
-8188 -8195 587
1354 1347 407
5453 5446 232
-8330 -8337 672
-4601 -4608 64
7909 7902 303
-2233 -2240 736
-2487 -2494 665
-1730 -1737 464
3374 3367 428
2310 2303 99
8100 8093 329
8739 8732 309
-7860 -7867 287
-3649 -3656 521
-7416 -7423 310
-9937 -9944 466
-7880 -7887 51
897 890 686
7175 7168 568
-1037 -1044 144
-9096 -9103 362
-422 -429 26
-251 -258 292
-7426 -7433 247
-2703 -2710 646
6694 6687 476
-7319 -7326 842
-1502 -1509 662
4657 4650 806
-8951 -8958 836
4443 4436 226
-7064 -7071 500
5353 5346 830
-3328 -3335 892
7012 7005 838
562 555 579
-6560 -6567 574
-778 -785 150
9365 9358 464
-3902 -3909 763
3590 3583 122
2590 2583 779
5126 5119 482
2322 2315 652
519 512 506
5877 5870 60
-3360 -3367 391
-5114 -5121 838
-8354 -8361 570
6899 6892 748
5584 5577 333
-3473 -3480 629
-120 -127 821
4930 4923 712
-8554 -8561 765
445 438 422
4728 4721 382
-5480 -5487 540
-4617 -4624 15
1329 1322 882
-8226 -8233 85
5395 5388 874
-7259 -7266 206
4045 4038 554
6676 6669 843
1001 994 561
-8206 -8213 150
4273 4266 231
-3282 -3289 292
-4921 -4928 313
-5273 -5280 726
1582 1575 588
-7387 -7394 867
-6271 -6278 739
-3092 -3099 883
-627 -634 5
4637 4630 715
8533 8526 753
-3325 -3332 654
2814 2807 59
-9276 -9283 38
5314 5307 767
-997 -1004 302
2034 2027 8
70 63 325
-1277 -1284 253
-7605 -7612 435
315 308 222
7192 7185 296
5077 5070 210
9872 9865 502
8878 8871 506
2361 2354 774
-8963 -8970 167
-2114 -2121 236
-614 -621 356
-151 -158 273
-1149 -1156 77
6930 6923 799
3801 3794 352
3955 3948 34
8501 8494 507
-1494 -1501 459
-6289 -6296 407
-7245 -7252 122
-3860 -3867 644
5824 5817 705
9318 9311 136
7931 7924 423
9869 9862 447
3685 3678 270
-3560 -3567 701
2898 2891 399
-4791 -4798 429
-7334 -7341 260
6369 6362 536
-9107 -9114 371
-7986 -7993 527
-9987 -9994 146
-5140 -5147 435
-3424 -3431 741
4204 4197 890
-3225 -3232 404
-7797 -7804 543
8410 8403 743
7773 7766 544
4034 4027 131
-656 -663 854
5363 5356 874
8314 8307 231
-5207 -5214 752
2607 2600 406
-7203 -7210 792
-4612 -4619 272
-2552 -2559 363
611 604 231
9455 9448 594
8981 8974 740
931 924 506
-8061 -8068 750
6933 6926 150
-1994 -2001 691
-4462 -4469 144
380 373 659
-5008 -5015 579
7650 7643 629
-1327 -1334 344
-569 -576 326
1396 1389 692
1635 1628 5
2768 2761 183
-7742 -7749 198
-1620 -1627 244
-1638 -1645 780
-659 -666 689
-2377 -2384 877
4984 4977 205
-9334 -9341 614
2682 2675 578
-8980 -8987 308
2695 2688 755
5380 5373 793
5894 5887 526
3081 3074 879
-1175 -1182 174
9358 9351 617
