1000
-10 10 1000
-9334 -9341 897
-9493 -9500 692
7303 7296 171
3943 3936 513
3176 3169 870
4942 4935 72
4215 4208 386
515 508 848
7469 7462 822
3288 3281 325
-5559 -5566 768
8413 8406 276
-5981 -5988 486
390 383 301
-5145 -5152 220
9834 9827 533
5059 5052 555
718 711 193
1153 1146 805
1585 1578 493
5795 5788 186
7434 7427 837
-9798 -9805 238
3684 3677 525
-5627 -5634 555
1797 1790 360
9115 9108 606
9106 9099 419
-1564 -1571 88
-4442 -4449 155
-6386 -6393 468
-5493 -5500 367
6951 6944 86
-1960 -1967 50
6117 6110 827
5865 5858 629
-6203 -6210 416
47 40 512
3304 3297 721
-68 -75 471
-9729 -9736 653
2624 2617 874
7418 7411 547
-939 -946 53
7213 7206 314
9957 9950 728
-7116 -7123 253
6639 6632 672
-1756 -1763 579
-6327 -6334 92
-3023 -3030 299
-8579 -8586 33
9098 9091 816
-7087 -7094 94
-3022 -3029 110
-7660 -7667 172
-6150 -6157 891
3644 3637 352
8992 8985 412
-7208 -7215 274
5814 5807 727
-5541 -5548 440
9744 9737 156
-304 -311 188
-673 -680 416
-2265 -2272 27
2092 2085 307
-5775 -5782 210
1933 1926 231
-2703 -2710 530
-545 -552 887
391 384 647
8831 8824 445
9231 9224 771
5570 5563 682
-6668 -6675 165
-5071 -5078 520
6447 6440 57
-8578 -8585 35
7530 7523 313
-8250 -8257 358
3440 3433 566
1170 1163 324
-9499 -9506 177
4460 4453 869
-8248 -8255 63
-5441 -5448 62
7042 7035 688
-2609 -2616 634
-4664 -4671 154
-1138 -1145 466
9697 9690 606
-4762 -4769 683
-6645 -6652 777
-1729 -1736 630
-1824 -1831 756
8217 8210 213
1892 1885 717
-8798 -8805 643
6598 6591 344
9968 9961 821
4816 4809 573
-7027 -7034 688
5071 5064 19
3032 3025 494
1392 1385 215
4331 4324 564
-809 -816 445
9714 9707 656
2251 2244 103
-6283 -6290 237
-9286 -9293 817
-2022 -2029 619
1911 1904 556
-6024 -6031 28
-6162 -6169 380
627 620 623
2567 2560 294
1828 1821 577
-5854 -5861 480
-8125 -8132 343
-41 -48 528
-8497 -8504 307
6294 6287 554
6051 6044 694
-2458 -2465 332
-742 -749 219
-3193 -3200 233
-4701 -4708 797
7528 7521 480
-8976 -8983 258
8797 8790 351
-9338 -9345 47
-221 -228 548
550 543 634
-8068 -8075 33
-7847 -7854 649
6062 6055 526
-5788 -5795 824
-1979 -1986 834
7048 7041 247
1921 1914 454
-3364 -3371 837
7034 7027 796
7529 7522 545
2101 2094 32
1728 1721 644
4956 4949 40
4112 4105 99
3079 3072 136
8139 8132 465
9164 9157 618
-2685 -2692 576
-2015 -2022 618
2948 2941 813
2405 2398 404
8342 8335 670
6206 6199 615
5414 5407 510
613 606 629
-4273 -4280 796
2419 2412 244
-5662 -5669 690
-3835 -3842 6
1991 1984 368
-6180 -6187 610
-2599 -2606 522
7547 7540 833
2784 2777 558
-5905 -5912 204
7174 7167 661
9195 9188 439
-4491 -4498 260
-8832 -8839 420
1978 1971 849
9606 9599 416
986 979 635
8903 8896 728
-8959 -8966 478
3849 3842 475
1330 1323 809
-5378 -5385 900
-7745 -7752 69
-9887 -9894 126
-3709 -3716 260
-373 -380 122
9198 9191 348
-9973 -9980 627
6731 6724 391
1015 1008 799
-2598 -2605 395
6019 6012 681
4743 4736 286
3964 3957 202
3012 3005 270
-9708 -9715 258
-6568 -6575 306
-7577 -7584 6
-1225 -1232 567
-1677 -1684 625
5185 5178 559
-6606 -6613 68
-2604 -2611 221
453 446 180
6473 6466 278
-7944 -7951 51
-9447 -9454 39
1848 1841 790
3426 3419 631
-3098 -3105 570
-145 -152 132
4158 4151 446
-9593 -9600 332
-7836 -7843 315
-7571 -7578 448
-5596 -5603 552
309 302 502
-5425 -5432 872
38 31 385
-8720 -8727 891
-5675 -5682 564
168 161 350
8757 8750 318
-5778 -5785 459
-4124 -4131 96
-7054 -7061 659
1504 1497 224
-9527 -9534 383
9176 9169 344
-2531 -2538 467
9773 9766 868
5055 5048 77
-7820 -7827 122
90 83 846
1897 1890 388
-5968 -5975 626
-4543 -4550 400
6977 6970 437
5783 5776 206
4301 4294 407
6643 6636 876
3202 3195 474
7382 7375 151
-9566 -9573 571
8553 8546 20
-8065 -8072 380
-5186 -5193 879
-9622 -9629 639
9944 9937 671
-865 -872 784
-5282 -5289 527
-8879 -8886 526
-9320 -9327 447
-7100 -7107 322
2064 2057 401
2051 2044 324
1812 1805 515
-880 -887 354
-9131 -9138 803
-4980 -4987 672
6902 6895 598
-8907 -8914 537
5806 5799 861
2084 2077 456
4846 4839 843
-8242 -8249 706
-8501 -8508 694
-547 -554 776
-5599 -5606 764
-6808 -6815 742
-5394 -5401 202
-2437 -2444 193
-6845 -6852 693
3034 3027 236
-2267 -2274 287
-5774 -5781 174
8896 8889 485
8535 8528 670
5568 5561 420
1654 1647 706
7161 7154 595
3278 3271 562
-7638 -7645 316
-7741 -7748 609
308 301 633
3901 3894 526
6392 6385 857
-6112 -6119 301
5610 5603 203
-1584 -1591 621
-2861 -2868 667
6705 6698 239
7686 7679 551
985 978 499
-6867 -6874 141
-2518 -2525 221
8835 8828 213
-6 -13 358
2124 2117 872
-7257 -7264 202
-9321 -9328 45
5648 5641 666
-6985 -6992 280
-4903 -4910 286
-9464 -9471 591
-1757 -1764 110
-3434 -3441 347
8393 8386 259
-7640 -7647 93
819 812 316
-6508 -6515 717
-357 -364 209
8100 8093 417
-1247 -1254 871
4462 4455 151
1788 1781 652
6472 6465 636
9081 9074 126
8240 8233 598
-602 -609 124
6522 6515 366
-3803 -3810 76
-7071 -7078 791
-422 -429 736
9075 9068 592
3707 3700 365
7387 7380 779
-775 -782 846
1197 1190 684
-8800 -8807 415
-7767 -7774 289
5008 5001 144
4601 4594 418
-7807 -7814 236
2975 2968 799
-3447 -3454 461
-170 -177 524
9459 9452 893
7447 7440 827
-7252 -7259 308
6241 6234 471
3697 3690 347
4975 4968 755
7841 7834 132
-7241 -7248 819
-45 -52 102
-6538 -6545 192
9502 9495 348
5093 5086 541
4600 4593 729
9159 9152 163
-3921 -3928 352
2128 2121 337
2992 2985 663
5901 5894 226
1708 1701 114
319 312 500
-8086 -8093 160
3168 3161 612
-7690 -7697 9
8476 8469 658
4072 4065 514
9704 9697 130
7916 7909 78
-8529 -8536 676
-2645 -2652 844
581 574 315
-1589 -1596 477
4044 4037 120
-8844 -8851 5
3321 3314 475
-9206 -9213 391
-4184 -4191 788
6182 6175 521
-4731 -4738 187
2396 2389 637
781 774 503
2652 2645 242
6736 6729 443
49 42 661
-7977 -7984 480
-861 -868 551
4847 4840 641
6781 6774 199
-3423 -3430 524
3214 3207 225
6360 6353 435
-3158 -3165 258
1777 1770 162
-5457 -5464 759
-7642 -7649 210
-5242 -5249 262
514 507 173
2522 2515 827
-4503 -4510 60
6307 6300 146
4915 4908 494
-8664 -8671 876
4949 4942 866
1316 1309 441
6813 6806 172
4690 4683 668
-9978 -9985 382
3212 3205 691
3432 3425 717
3385 3378 568
-581 -588 413
-9255 -9262 607
8897 8890 508
-4818 -4825 681
-3658 -3665 232
7893 7886 39
-6961 -6968 450
7979 7972 266
3153 3146 847
-2192 -2199 551
-4974 -4981 584
-1060 -1067 229
1078 1071 528
-9346 -9353 276
-3478 -3485 135
-3500 -3507 884
3692 3685 241
-663 -670 629
2043 2036 900
1497 1490 429
1655 1648 853
-9600 -9607 375
5844 5837 541
-3482 -3489 108
9695 9688 221
4659 4652 643
-5487 -5494 84
5936 5929 77
-5934 -5941 490
5709 5702 810
7432 7425 747
-9792 -9799 41
-9397 -9404 478
-3793 -3800 43
-7445 -7452 220
3713 3706 439
4096 4089 68
5046 5039 750
302 295 499
-2913 -2920 351
-9126 -9133 69
-3397 -3404 2
7654 7647 265
-185 -192 154
1139 1132 374
-1990 -1997 791
-462 -469 177
-3294 -3301 876
4699 4692 477
-283 -290 859
314 307 413
-8372 -8379 398
-4826 -4833 702
-8674 -8681 880
8972 8965 806
-5790 -5797 254
-878 -885 435
-561 -568 62
-9795 -9802 250
-7943 -7950 505
-7532 -7539 126
8860 8853 604
8659 8652 650
3590 3583 477
7822 7815 590
8110 8103 740
-7919 -7926 706
-3031 -3038 352
-3813 -3820 309
350 343 114
-3711 -3718 260
-2597 -2604 301
-2443 -2450 117
-9324 -9331 712
-86 -93 207
2847 2840 27
-2355 -2362 880
303 296 732
-8409 -8416 555
-6818 -6825 243
8406 8399 82
-5804 -5811 32
1550 1543 527
9561 9554 726
-3943 -3950 342
-5547 -5554 299
6500 6493 91
1965 1958 676
-923 -930 462
-1010 -1017 447
4911 4904 558
1738 1731 655
-1799 -1806 457
7806 7799 494
-1916 -1923 565
5786 5779 177
5799 5792 517
-1001 -1008 121
9532 9525 200
7461 7454 87
2286 2279 88
2461 2454 210
1438 1431 617
7172 7165 751
181 174 900
5584 5577 318
7665 7658 494
-2131 -2138 15
-8240 -8247 307
-9765 -9772 512
7729 7722 390
3431 3424 218
-7396 -7403 325
3163 3156 826
-3843 -3850 133
-302 -309 28
-7988 -7995 376
-4294 -4301 203
989 982 601
-7140 -7147 169
-5147 -5154 468
6696 6689 178
-9808 -9815 516
1200 1193 122
6590 6583 777
540 533 730
1483 1476 145
2759 2752 177
5106 5099 219
-1067 -1074 536
-1339 -1346 860
-1902 -1909 888
9727 9720 9
-5771 -5778 12
6720 6713 411
-6238 -6245 27
-9398 -9405 747
1417 1410 118
5454 5447 500
5827 5820 874
3767 3760 106
-5277 -5284 613
6679 6672 598
-9441 -9448 297
3155 3148 393
-9318 -9325 213
7556 7549 626
5100 5093 297
-9711 -9718 880
-5307 -5314 553
-1117 -1124 154
9691 9684 673
1201 1194 632
5990 5983 828
-5885 -5892 292
8267 8260 133
-2135 -2142 300
-5691 -5698 816
3170 3163 131
1278 1271 461
-9579 -9586 676
8 1 172
5931 5924 270
8733 8726 213
3129 3122 681
7708 7701 315
-4383 -4390 85
7486 7479 117
9592 9585 534
5481 5474 860
433 426 646
-9553 -9560 393
-9770 -9777 557
7144 7137 799
7196 7189 459
-1151 -1158 404
-5989 -5996 222
122 115 656
2138 2131 298
-2732 -2739 850
7009 7002 400
8918 8911 109
-4020 -4027 228
-8417 -8424 497
693 686 884
9901 9894 125
6499 6492 409
-6217 -6224 556
4354 4347 311
-6210 -6217 52
5540 5533 731
-3286 -3293 869
8634 8627 637
-4875 -4882 98
9750 9743 420
8150 8143 830
3998 3991 418
528 521 93
-3524 -3531 675
5119 5112 684
7892 7885 104
-8608 -8615 110
-2665 -2672 622
3265 3258 519
8962 8955 145
-9956 -9963 521
-7300 -7307 193
-3073 -3080 25
-4405 -4412 462
-2202 -2209 57
3579 3572 686
9928 9921 619
-1129 -1136 56
-3485 -3492 433
4907 4900 425
2272 2265 331
-128 -135 127
1288 1281 400
7552 7545 190
-8781 -8788 788
-8587 -8594 393
9421 9414 766
5304 5297 785
-3917 -3924 376
6424 6417 743
-2642 -2649 503
-2211 -2218 324
-3819 -3826 89
-716 -723 870
9349 9342 442
253 246 378
1135 1128 203
7360 7353 148
-528 -535 367
-4013 -4020 772
9539 9532 634
4684 4677 85
9257 9250 283
7744 7737 62
5912 5905 644
9487 9480 741
5911 5904 347
3271 3264 273
2252 2245 163
8355 8348 353
-6969 -6976 1
3947 3940 305
-4516 -4523 343
-913 -920 604
-933 -940 486
4052 4045 888
4226 4219 242
-4072 -4079 493
-4448 -4455 264
8539 8532 461
2435 2428 543
-826 -833 319
-5940 -5947 530
3285 3278 343
5058 5051 687
-393 -400 81
8820 8813 170
5355 5348 295
5822 5815 423
-722 -729 204
-2336 -2343 52
8633 8626 585
-2714 -2721 871
4403 4396 681
-5611 -5618 355
1568 1561 100
-1699 -1706 771
-6751 -6758 125
310 303 681
5079 5072 145
4826 4819 501
-2108 -2115 598
-4531 -4538 123
9121 9114 354
3775 3768 638
-162 -169 639
799 792 855
1643 1636 527
-5594 -5601 830
8030 8023 160
1960 1953 490
6299 6292 339
-7379 -7386 844
1138 1131 832
3086 3079 667
-3631 -3638 713
4469 4462 31
8584 8577 525
-1260 -1267 364
-7662 -7669 614
969 962 380
5881 5874 853
3506 3499 155
4125 4118 492
-4453 -4460 200
-755 -762 384
1421 1414 340
-8506 -8513 336
9052 9045 230
6508 6501 176
-1911 -1918 111
4871 4864 104
-2258 -2265 100
-6041 -6048 237
9708 9701 340
6257 6250 554
4725 4718 350
9107 9100 475
9531 9524 44
-6080 -6087 658
2453 2446 888
3301 3294 313
-7425 -7432 364
61 54 193
6165 6158 530
4076 4069 792
-8770 -8777 415
28 21 567
-4123 -4130 583
3758 3751 714
-7868 -7875 345
-1605 -1612 19
-4885 -4892 827
-6895 -6902 157
-2863 -2870 15
-4259 -4266 159
-5010 -5017 17
-6796 -6803 585
9083 9076 532
5131 5124 878
7128 7121 611
-2823 -2830 216
-5301 -5308 550
-1121 -1128 855
-2905 -2912 133
-5235 -5242 494
-5604 -5611 316
-5956 -5963 546
4791 4784 103
7216 7209 812
-5290 -5297 659
9976 9969 131
5051 5044 6
8313 8306 471
-7003 -7010 409
-1550 -1557 557
4572 4565 552
-7293 -7300 761
1313 1306 694
-3586 -3593 502
1384 1377 389
-6873 -6880 7
-7618 -7625 372
3573 3566 299
-816 -823 311
-2087 -2094 647
783 776 284
1703 1696 358
1876 1869 256
-3185 -3192 587
-1175 -1182 409
-7251 -7258 56
-8378 -8385 338
6526 6519 518
9865 9858 4
-1558 -1565 704
9074 9067 456
-3697 -3704 398
8502 8495 435
-2925 -2932 550
-6412 -6419 274
-6656 -6663 24
-5262 -5269 554
339 332 587
6688 6681 517
-9536 -9543 562
-8915 -8922 463
5843 5836 885
-5639 -5646 421
9158 9151 704
3764 3757 459
9253 9246 440
9336 9329 666
-5053 -5060 692
-5252 -5259 650
-3963 -3970 667
-4133 -4140 411
-8773 -8780 725
4570 4563 631
-374 -381 420
-2180 -2187 120
-4966 -4973 454
-9425 -9432 799
2821 2814 633
8230 8223 372
5906 5899 84
4290 4283 49
3956 3949 431
2554 2547 202
709 702 547
-319 -326 298
4995 4988 342
9468 9461 580
5928 5921 64
-3684 -3691 488
-7459 -7466 176
-3303 -3310 374
-4380 -4387 552
-8576 -8583 760
-2399 -2406 78
2636 2629 694
7040 7033 868
5583 5576 272
-6191 -6198 520
-3652 -3659 593
-4233 -4240 160
-5850 -5857 501
-2778 -2785 139
7173 7166 337
-1648 -1655 596
9653 9646 64
3024 3017 581
-5460 -5467 356
7608 7601 97
-6084 -6091 484
-5114 -5121 575
-7063 -7070 171
-7282 -7289 133
-1623 -1630 232
3773 3766 109
6897 6890 363
-2042 -2049 130
-4301 -4308 606
-5864 -5871 103
8519 8512 345
-3669 -3676 558
-173 -180 855
4426 4419 628
3269 3262 172
5459 5452 224
2118 2111 550
880 873 618
288 281 287
-3350 -3357 580
-4329 -4336 257
5090 5083 450
-6749 -6756 282
-3077 -3084 778
9749 9742 588
3646 3639 503
-6271 -6278 96
-2747 -2754 851
6125 6118 262
9967 9960 183
-2476 -2483 229
9524 9517 851
-7264 -7271 716
6228 6221 512
1046 1039 170
1898 1891 330
3009 3002 310
-4887 -4894 636
2324 2317 328
4958 4951 327
1044 1037 457
-7838 -7845 84
-9532 -9539 567
-786 -793 290
7278 7271 29
-8201 -8208 493
6150 6143 428
993 986 536
-8871 -8878 612
-3837 -3844 683
1940 1933 477
-4786 -4793 442
4029 4022 513
-9389 -9396 611
1026 1019 221
-1660 -1667 508
-4849 -4856 454
-4120 -4127 438
8127 8120 124
-8115 -8122 235
5593 5586 791
-7184 -7191 412
452 445 670
4576 4569 404
-992 -999 254
4196 4189 8
-5005 -5012 403
1000 993 397
-6687 -6694 832
4178 4171 153
-4330 -4337 50
-4253 -4260 741
8836 8829 444
7950 7943 790
2437 2430 647
4629 4622 437
7055 7048 436
-644 -651 560
-8194 -8201 145
8531 8524 126
-5747 -5754 723
8706 8699 98
-7305 -7312 796
-6195 -6202 696
4642 4635 42
-4995 -5002 505
-2154 -2161 293
7770 7763 341
-5689 -5696 321
-3396 -3403 875
3562 3555 439
-6299 -6306 160
7731 7724 430
-1597 -1604 163
7856 7849 366
5405 5398 399
-7360 -7367 217
-5371 -5378 564
-1894 -1901 388
-2606 -2613 174
4458 4451 709
3882 3875 721
-637 -644 809
2005 1998 621
3543 3536 310
7512 7505 742
7149 7142 713
-343 -350 573
-7699 -7706 885
1864 1857 168
6489 6482 852
-9578 -9585 263
14 7 481
-197 -204 583
106 99 768
97 90 173
-8911 -8918 451
-1632 -1639 19
8743 8736 253
-3369 -3376 94
-1750 -1757 830
1092 1085 72
8241 8234 24
-4691 -4698 486
8300 8293 662
3874 3867 883
2972 2965 825
8827 8820 422
434 427 208
-458 -465 616
-4462 -4469 498
4000 3993 355
-4445 -4452 384
-4618 -4625 385
6983 6976 619
6146 6139 128
-5954 -5961 841
-2499 -2506 629
-5095 -5102 182
-796 -803 112
-9487 -9494 283
-2664 -2671 167
-6443 -6450 238
8660 8653 433
-2337 -2344 523
-3680 -3687 84
9668 9661 387
-6987 -6994 777
-4524 -4531 506
2942 2935 782
3459 3452 348
-3655 -3662 339
9857 9850 341
2612 2605 763
4108 4101 505
-7439 -7446 93
-2080 -2087 894
-8772 -8779 399
-6464 -6471 196
-1283 -1290 847
913 906 326
6134 6127 661
-4333 -4340 383
-2640 -2647 291
