1000
0 0 1
-100 -3170 463
-100 -8898 673
-100 -9430 549
-100 792 997
-100 9354 921
-100 6606 730
-100 -6834 513
-100 6302 154
-100 -8582 755
-100 704 572
-100 -410 253
-100 -1250 851
-100 -3990 571
-100 -4914 557
-100 -530 202
-100 4518 304
-100 -9722 247
-100 3526 828
-100 -4842 120
-100 -5722 918
-100 5120 114
-100 -5784 896
-100 4586 508
-100 6524 660
-100 9742 157
-100 -3530 601
-100 1952 105
-100 158 263
-100 9080 137
-100 -5948 759
-100 7256 366
-100 -994 159
-100 -1026 333
-100 5598 247
-100 9278 422
-100 4928 910
-100 3238 874
-100 -958 599
-100 -9188 297
-100 5640 489
-100 912 756
-100 -2698 575
-100 -6226 187
-100 -6166 625
-100 5328 899
-100 -708 677
-100 4830 936
-100 5248 858
-100 5306 436
-100 3640 324
-100 260 310
-100 -6538 338
-100 2702 973
-100 4446 101
-100 8992 610
-100 7286 916
-100 3038 761
-100 2196 611
-100 -6730 428
-100 4976 877
-100 6198 848
-100 4326 611
-100 -3366 648
-100 -1394 719
-100 1960 517
-100 -8266 641
-100 -8294 686
-100 -2942 906
-100 1018 250
-100 378 510
-100 -3920 645
-100 -3862 705
-100 -9314 1000
-100 812 139
-100 -2832 722
-100 -4422 720
-100 -1194 507
-100 2106 653
-100 8870 959
-100 -8490 176
-100 3198 255
-100 -6646 874
-100 -8480 998
-100 838 954
-100 -8578 914
-100 -1772 480
-100 8604 754
-100 -2382 241
-100 -8776 602
-100 8912 645
-100 -2330 268
-100 -4896 651
-100 -3322 530
-100 -5172 166
-100 -7966 786
-100 3328 466
-100 8978 905
-100 2728 667
-100 864 638
-100 -9378 843
-100 3422 161
-100 -6352 806
-100 8020 870
-100 2656 625
-100 5196 588
-100 -8114 651
-100 -96 857
-100 3338 457
-100 -4760 595
-100 -3692 713
-100 -5962 855
-100 -5800 331
-100 -3984 269
-100 622 849
-100 1926 808
-100 9412 776
-100 4350 375
-100 -4784 655
-100 -1028 458
-100 4702 247
-100 496 546
-100 -510 705
-100 7984 167
-100 3612 397
-100 -6830 523
-100 -570 345
-100 2090 915
-100 7350 260
-100 3686 449
-100 7248 954
-100 -5512 330
-100 7364 198
-100 -1102 930
-100 8638 849
-100 2906 383
-100 5802 982
-100 -7928 105
-100 8110 522
-100 -8494 912
-100 -3468 393
-100 -4864 677
-100 8246 566
-100 -702 113
-100 -8824 527
-100 1498 601
-100 1684 928
-100 -2768 572
-100 -5104 404
-100 2250 481
-100 -6244 553
-100 5842 842
-100 8080 438
-100 -9024 414
-100 -2350 537
-100 526 576
-100 8716 775
-100 1510 298
-100 -8798 179
-100 -9292 131
-100 -9284 650
-100 -7778 488
-100 2790 171
-100 7432 753
-100 6664 911
-100 8008 315
-100 -6232 906
-100 -3124 505
-100 -690 774
-100 -6550 925
-100 -7412 387
-100 4398 288
-100 -5188 616
-100 -4654 217
-100 -1282 489
-100 9692 474
-100 -2318 166
-100 -8770 970
-100 -5572 445
-100 -7846 430
-100 -4508 455
-100 -4580 211
-100 7804 798
-100 7008 171
-100 -6100 234
-100 -9180 922
-100 2852 489
-100 -5792 167
-100 -8452 573
-100 7128 312
-100 756 396
-100 -8972 425
-100 4968 665
-100 4712 879
-100 3076 646
-100 -3540 111
-100 36 987
-100 -5570 892
-100 -3156 298
-100 964 127
-100 8570 541
-100 4662 180
-100 5070 500
-100 -272 853
-100 8498 119
-100 5752 439
-100 8460 126
-100 -9666 384
-100 5944 863
-100 8778 461
-100 -6236 544
-100 -8964 385
-100 1096 883
-100 5614 831
-100 8542 847
-100 4128 549
-100 8818 509
-100 -1324 516
-100 -6076 413
-100 350 752
-100 7120 290
-100 3784 399
-100 -3976 607
-100 7242 987
-100 -532 969
-100 9408 813
-100 -3392 997
-100 5952 210
-100 6642 279
-100 374 851
-100 8234 901
-100 1032 386
-100 -8432 904
-100 8014 367
-100 9934 617
-100 -8050 157
-100 7902 348
-100 5670 164
-100 5854 853
-100 938 113
-100 -9338 318
-100 -9190 565
-100 -8364 294
-100 -2286 673
-100 -2132 271
-100 3842 102
-100 4348 584
-100 2920 514
-100 3442 877
-100 400 737
-100 -9462 419
-100 -5858 687
-100 3210 676
-100 -5450 426
-100 7942 633
-100 -5340 710
-100 -3760 632
-100 -3840 806
-100 1628 886
-100 2840 121
-100 -9404 877
-100 8620 374
-100 -7208 949
-100 -6546 441
-100 -6042 332
-100 6384 657
-100 -3350 440
-100 -7506 155
-100 2202 849
-100 4878 852
-100 9214 117
-100 3706 885
-100 -6356 265
-100 -6460 256
-100 2570 353
-100 6476 806
-100 -8638 359
-100 -5648 328
-100 2364 546
-100 -160 250
-100 -3010 689
-100 -4032 706
-100 -7462 916
-100 -3880 882
-100 -4102 551
-100 7000 312
-100 -4704 189
-100 8848 568
-100 4044 813
-100 736 546
-100 -5244 124
-100 -2416 395
-100 -556 719
-100 5466 441
-100 5326 708
-100 -4352 546
-100 -270 772
-100 2066 193
-100 7760 777
-100 9372 213
-100 3908 285
-100 9390 517
-100 -816 582
-100 4312 990
-100 -290 995
-100 4822 971
-100 6224 420
-100 -7868 251
-100 6464 221
-100 7854 142
-100 -2524 402
-100 9358 290
-100 9830 184
-100 9256 148
-100 -5424 818
-100 -4156 461
-100 -9400 327
-100 2222 392
-100 6998 667
-100 9400 978
-100 -2826 797
-100 -1120 441
-100 5032 940
-100 3834 793
-100 -9560 409
-100 -3974 590
-100 -3266 225
-100 4872 215
-100 -486 654
-100 -2874 127
-100 3590 936
-100 -8246 524
-100 5646 688
-100 -5674 419
-100 -9972 839
-100 9620 588
-100 -5196 335
-100 -7704 218
-100 -2600 158
-100 5750 715
-100 7412 290
-100 4838 638
-100 4266 368
-100 -7910 654
-100 4280 998
-100 2268 904
-100 6676 964
-100 2610 192
-100 6396 619
-100 -1692 415
-100 -3594 550
-100 -2804 798
-100 7634 975
-100 808 535
-100 3330 748
-100 -9118 103
-100 2758 216
-100 3846 655
-100 2726 460
-100 -2446 426
-100 -6966 722
-100 -6520 658
-100 -1584 261
-100 -2352 696
-100 -6198 811
-100 9418 733
-100 9090 128
-100 6596 470
-100 -8392 679
-100 -8820 295
-100 8318 526
-100 4062 303
-100 -8760 163
-100 6812 403
-100 8726 525
-100 -9084 981
-100 5796 420
-100 9896 810
-100 6350 470
-100 2922 508
-100 8004 447
-100 -7710 876
-100 5728 904
-100 5730 485
-100 -3242 827
-100 -6310 732
-100 -32 253
-100 -7774 729
-100 -4060 545
-100 3166 717
-100 -4236 611
-100 1396 592
-100 2974 704
-100 -298 254
-100 8612 136
-100 8698 918
-100 1480 881
-100 3110 236
-100 2422 751
-100 -5246 852
-100 -1826 255
-100 318 578
-100 4470 485
-100 4960 411
-100 1196 756
-100 8810 646
-100 -7404 843
-100 1182 652
-100 -7784 447
-100 3488 815
-100 -4984 463
-100 2756 103
-100 -3458 341
-100 7812 126
-100 -1940 171
-100 240 541
-100 8858 282
-100 -3248 620
-100 4676 294
-100 -3194 710
-100 9988 224
-100 8634 317
-100 186 537
-100 -8522 575
-100 -4636 496
-100 1718 690
-100 542 454
-100 7540 325
-100 -2930 683
-100 -7612 521
-100 -9986 153
-100 9124 160
-100 -7554 323
-100 -4666 171
-100 -3970 232
-100 2800 625
-100 8860 738
-100 -5118 500
-100 8398 371
-100 1616 427
-100 7098 528
-100 -9962 440
-100 -300 745
-100 -2560 389
-100 1072 339
-100 -4520 321
-100 5286 541
-100 1548 452
-100 -2436 921
-100 4172 702
-100 -4126 261
-100 -6754 904
-100 2020 507
-100 -1160 568
-100 5628 591
-100 5130 203
-100 -4196 684
-100 3892 962
-100 -938 653
-100 7548 712
-100 1910 533
-100 5018 644
-100 -6448 742
-100 -5256 382
-100 660 156
-100 4238 207
-100 4254 474
-100 8908 338
-100 2496 214
-100 8808 848
-100 -8914 369
-100 -3206 672
-100 2002 577
-100 4118 757
-100 1828 968
-100 3044 236
-100 -4354 467
-100 -3372 848
-100 3100 102
-100 -9944 612
-100 2096 268
-100 -178 771
-100 234 753
-100 2084 250
-100 6792 748
-100 4534 919
-100 -9876 379
-100 3774 517
-100 -5928 495
-100 -6858 623
-100 -5798 351
-100 -3204 585
-100 3158 199
-100 5928 548
-100 7314 630
-100 -1764 773
-100 -3838 999
-100 -8684 790
-100 6796 374
-100 -834 383
-100 3594 447
-100 -2976 285
-100 -6726 253
-100 266 686
-100 9820 126
-100 -6866 314
-100 -1016 861
-100 5192 142
-100 -6140 289
-100 3890 461
-100 8346 720
-100 7370 958
-100 -8104 384
-100 6456 120
-100 5990 223
-100 -3930 789
-100 -4990 735
-100 692 381
-100 -3246 554
-100 -28 350
-100 -6416 379
-100 1464 307
-100 -4076 673
-100 4580 990
-100 5858 491
-100 3360 138
-100 6196 645
-100 -5926 509
-100 -1616 591
-100 -306 298
-100 -1226 188
-100 80 442
-100 3534 950
-100 -2314 166
-100 886 678
-100 3020 753
-100 2918 821
-100 7986 745
-100 -2018 988
-100 -2808 686
-100 3680 931
-100 -9296 933
-100 -9902 716
-100 2162 792
-100 -3616 443
-100 2962 343
-100 8000 247
-100 7820 611
-100 -5048 617
-100 -7976 850
-100 -9478 990
-100 -9922 954
-100 -9574 315
-100 274 813
-100 9732 442
-100 9836 829
-100 2510 846
-100 6438 234
-100 -8084 311
-100 3452 673
-100 1772 811
-100 1938 652
-100 8010 614
-100 6500 472
-100 6756 835
-100 7226 657
-100 8666 576
-100 4546 677
-100 -1836 482
-100 -8336 707
-100 -9654 917
-100 -7698 112
-100 2008 237
-100 -8028 220
-100 -8302 485
-100 354 986
-100 -6566 793
-100 7692 767
-100 5916 337
-100 -552 760
-100 9168 910
-100 -8024 654
-100 -1654 855
-100 -3488 591
-100 2836 148
-100 2146 291
-100 3716 552
-100 -8668 633
-100 -2364 823
-100 -6088 491
-100 -9860 826
-100 6568 955
-100 6502 960
-100 -5370 805
-100 5834 179
-100 -2656 365
-100 -1506 633
-100 7800 816
-100 7658 482
-100 9586 752
-100 -8338 575
-100 1312 947
-100 4116 341
-100 -1934 414
-100 6230 809
-100 -7636 223
-100 352 617
-100 4160 583
-100 -7530 923
-100 -3098 848
-100 -8588 446
-100 5714 616
-100 -1342 486
-100 -3910 171
-100 -8132 294
-100 7928 352
-100 -6020 194
-100 9398 876
-100 2658 554
-100 6450 907
-100 1164 347
-100 -8242 282
-100 4422 901
-100 5188 204
-100 362 209
-100 -6142 570
-100 8648 102
-100 1588 845
-100 3244 473
-100 8564 216
-100 8594 680
-100 -8064 820
-100 -1392 842
-100 2630 891
-100 9004 558
-100 -7680 865
-100 -7184 900
-100 1418 472
-100 7748 469
-100 -6972 482
-100 -2574 579
-100 -4208 722
-100 -606 582
-100 9518 717
-100 -9082 615
-100 6868 990
-100 -4192 837
-100 5274 950
-100 -6852 702
-100 7604 900
-100 -3168 171
-100 -8758 721
-100 -8474 197
-100 -874 640
-100 5268 722
-100 9660 227
-100 7454 928
-100 8796 975
-100 5072 947
-100 -7866 665
-100 6672 471
-100 7932 794
-100 8614 965
-100 8850 749
-100 -5520 175
-100 -7720 969
-100 7302 731
-100 -2462 496
-100 1452 444
-100 2316 918
-100 -3232 208
-100 -5314 411
-100 2408 218
-100 -1798 446
-100 5958 724
-100 8584 204
-100 -438 606
-100 1692 181
-100 6430 979
-100 3672 818
-100 -5136 402
-100 1556 184
-100 332 434
-100 -3048 319
-100 6918 322
-100 -4700 592
-100 2932 181
-100 6646 120
-100 4130 754
-100 -9230 414
-100 5448 151
-100 -5860 316
-100 -2998 294
-100 9536 521
-100 -8310 487
-100 8578 521
-100 -4144 849
-100 -5898 941
-100 -462 512
-100 8344 864
-100 -8622 824
-100 9138 666
-100 6594 368
-100 6656 215
-100 8152 650
-100 -3874 225
-100 -2426 551
-100 -7618 170
-100 -9062 230
-100 -8626 634
-100 4612 939
-100 470 396
-100 -8150 775
-100 -5476 713
-100 -7204 552
-100 -1096 536
-100 -2820 756
-100 636 294
-100 -3736 643
-100 7062 102
-100 5776 488
-100 -4316 560
-100 -9664 545
-100 9292 596
-100 -2258 586
-100 -9754 800
-100 2184 842
-100 3530 133
-100 -4902 165
-100 4660 914
-100 -3018 881
-100 -5418 761
-100 -4172 205
-100 9980 130
-100 2038 948
-100 5876 969
-100 5058 809
-100 -4386 914
-100 2682 110
-100 8242 858
-100 -2482 567
-100 1222 292
-100 4982 636
-100 1040 315
-100 -7020 491
-100 -8962 260
-100 3090 975
-100 7826 217
-100 -6984 766
-100 -8356 892
-100 -5672 194
-100 5136 337
-100 -3764 866
-100 9436 742
-100 -8954 305
-100 -644 362
-100 3160 897
-100 -812 385
-100 -5562 672
-100 -4938 112
-100 4766 494
-100 3984 280
-100 1744 662
-100 4690 562
-100 5478 681
-100 7424 702
-100 -9318 215
-100 -2614 368
-100 2000 454
-100 4490 993
-100 3962 293
-100 6318 676
-100 3040 244
-100 2956 172
-100 -9458 219
-100 5560 528
-100 4536 391
-100 -8238 674
-100 -650 213
-100 -9512 930
-100 -2210 432
-100 -7794 906
-100 -2996 820
-100 1374 568
-100 -5960 602
-100 5086 990
-100 -420 472
-100 7912 607
-100 1804 645
-100 -4256 966
-100 -16 711
-100 -7672 822
-100 -5818 670
-100 -4066 105
-100 -2506 179
-100 5896 614
-100 -3812 487
-100 670 858
-100 -2686 210
-100 4314 949
-100 7684 934
-100 7210 269
-100 3848 689
-100 -6988 715
-100 -8608 112
-100 7084 131
-100 -4652 893
-100 -2284 606
-100 5038 410
-100 8560 954
-100 2430 266
-100 7406 948
-100 4632 486
-100 7790 450
-100 3916 489
-100 -9786 873
-100 -2198 885
-100 3314 973
-100 1942 418
-100 590 827
-100 -542 204
-100 -2040 559
-100 8440 759
-100 -8262 127
-100 -2336 449
-100 -9724 418
-100 -1178 455
-100 -3688 108
-100 -6886 235
-100 8444 889
-100 -7848 511
-100 6320 513
-100 758 159
-100 1872 196
-100 -474 686
-100 -8326 222
-100 -4830 306
-100 -6132 681
-100 -498 756
-100 908 504
-100 806 503
-100 2730 336
-100 -618 616
-100 -1462 147
-100 -8864 125
-100 3302 405
-100 7320 935
-100 2558 668
-100 8714 834
-100 1100 213
-100 6846 571
-100 -842 329
-100 5314 804
-100 1702 427
-100 -9266 117
-100 -5650 905
-100 5140 939
-100 9008 470
-100 5546 795
-100 -6642 155
-100 4074 389
-100 -60 736
-100 2166 889
-100 -6272 646
-100 -7684 768
-100 -1778 254
-100 9704 354
-100 5222 521
-100 9392 780
-100 1218 433
-100 -6206 622
-100 8898 969
-100 2120 851
-100 5454 476
-100 4036 903
-100 9636 875
-100 7836 962
-100 -42 959
-100 7358 181
-100 -9858 207
-100 -9720 317
-100 3658 114
-100 -3132 767
-100 4090 641
-100 2964 613
-100 -2448 936
-100 3746 473
-100 -6682 444
-100 -1536 590
-100 4888 756
-100 -8284 843
-100 -150 350
-100 -5098 231
-100 -884 257
-100 -8932 987
-100 -6854 746
-100 -5384 718
-100 -1234 846
-100 -802 891
-100 -6602 746
-100 30 546
-100 -7886 251
-100 1272 655
-100 2938 869
-100 8998 135
-100 1296 119
-100 5764 369
-100 -9576 501
-100 420 134
-100 -5482 313
-100 -9020 745
-100 -8680 301
-100 -6590 108
-100 -6168 892
-100 3714 929
-100 5350 408
-100 4826 424
-100 -9064 235
-100 -6500 710
-100 6492 881
-100 6854 223
-100 6212 184
-100 -6066 189
-100 1698 756
-100 -1732 252
-100 8820 396
-100 -4086 853
-100 6174 534
-100 -9732 840
-100 9212 966
-100 7148 991
-100 956 963
-100 2132 329
-100 -5400 614
-100 7520 523
-100 7650 857
-100 5458 426
-100 -4656 409
-100 -9380 634
-100 -3278 483
-100 -6872 315
-100 -2732 397
-100 -144 932
-100 -2638 891
-100 3748 664
-100 -9252 230
-100 -8808 725
-100 2872 419
-100 -1362 539
-100 7774 851
-100 -7890 136
-100 3970 258
-100 -770 117
-100 5386 905
-100 1598 953
-100 6282 725
-100 8554 474
-100 4786 247
-100 1742 563
-100 -864 357
-100 -1802 927
-100 6538 408
-100 662 292
-100 5816 588
-100 -3394 983
-100 -3546 985
-100 -8782 833
-100 4756 586
-100 -3670 146
-100 -9924 399
-100 9942 746
-100 -206 852
-100 -6188 840
-100 -4566 818
-100 2358 119
-100 408 647
-100 6378 936
-100 6428 136
-100 5164 419
-100 4784 712
-100 3606 490
-100 4378 129
-100 -9436 329
-100 -8692 436
-100 1688 784
-100 4704 190
-100 -9370 369
-100 -2576 419
-100 7058 197
-100 -2680 100
-100 -7620 909
-100 -4186 595
-100 1052 395
-100 8750 900
-100 2520 656
-100 1382 717
-100 -6278 899
-100 3430 719
-100 -3286 550
-100 -2684 339
