1000
0 0 1
-100 134 402
-100 7728 275
-100 5136 431
-100 -4170 842
-100 -1942 111
-100 -8826 109
-100 6552 955
-100 -2744 168
-100 2814 837
-100 -9100 291
-100 2632 154
-100 -6494 803
-100 152 446
-100 -5604 359
-100 2178 796
-100 -3570 164
-100 -5026 156
-100 8244 697
-100 -3450 330
-100 6886 621
-100 -6672 370
-100 -9092 365
-100 -5140 395
-100 8164 920
-100 9752 957
-100 9314 969
-100 6402 942
-100 -5762 683
-100 -7252 953
-100 9182 136
-100 9664 832
-100 3628 546
-100 6624 137
-100 4154 710
-100 -2524 870
-100 5972 550
-100 3272 510
-100 4652 711
-100 -2872 110
-100 5090 971
-100 5194 219
-100 8486 780
-100 4000 343
-100 5006 492
-100 -600 923
-100 -4908 218
-100 -8114 941
-100 -4904 115
-100 3770 433
-100 754 392
-100 -8218 247
-100 5750 767
-100 -3752 329
-100 -176 771
-100 9436 645
-100 -422 203
-100 -5964 427
-100 -246 596
-100 -6068 308
-100 -1190 872
-100 5322 115
-100 -6354 887
-100 -6124 887
-100 7678 828
-100 8092 783
-100 -6006 995
-100 -4456 456
-100 -7836 707
-100 9356 828
-100 -1614 666
-100 2372 522
-100 -4024 477
-100 -8288 513
-100 4460 1000
-100 6534 708
-100 9518 346
-100 -1556 500
-100 -2534 694
-100 9362 485
-100 -1040 392
-100 -3526 307
-100 -6182 783
-100 2328 435
-100 -6096 894
-100 8766 174
-100 9524 210
-100 6540 353
-100 -7322 354
-100 4910 671
-100 2058 527
-100 -2196 325
-100 -198 779
-100 -8626 588
-100 2076 428
-100 -3298 883
-100 -7826 690
-100 -1698 849
-100 -3928 150
-100 2750 456
-100 -6030 564
-100 -2550 391
-100 -2078 126
-100 -4550 844
-100 -1552 396
-100 238 588
-100 -9824 953
-100 -9234 469
-100 -4738 638
-100 -3378 360
-100 4538 929
-100 2088 192
-100 -3408 243
-100 4540 346
-100 -9764 193
-100 -1634 784
-100 3792 274
-100 2964 436
-100 9162 196
-100 -2396 823
-100 6270 472
-100 -196 672
-100 -1852 979
-100 4554 563
-100 -7846 602
-100 -6600 818
-100 -1678 193
-100 -3224 565
-100 4672 276
-100 -8220 375
-100 -310 243
-100 524 634
-100 -5944 213
-100 -5028 424
-100 -6272 870
-100 -958 571
-100 7436 506
-100 -1784 125
-100 6330 318
-100 456 695
-100 6606 252
-100 2054 521
-100 414 112
-100 -5538 236
-100 7566 121
-100 -3196 818
-100 6352 756
-100 -6200 929
-100 5336 741
-100 -884 419
-100 -3776 355
-100 9126 680
-100 424 265
-100 1092 781
-100 -9138 697
-100 -7936 748
-100 -3472 863
-100 -1986 835
-100 -4890 721
-100 5656 294
-100 4986 677
-100 2392 988
-100 7590 987
-100 4790 733
-100 -1274 571
-100 4742 868
-100 -5206 876
-100 7360 248
-100 -5896 767
-100 -3092 125
-100 -3202 714
-100 -4594 550
-100 2618 274
-100 7050 621
-100 -2510 555
-100 7190 274
-100 -5962 804
-100 -340 952
-100 5710 983
-100 -6660 505
-100 -6196 202
-100 7100 262
-100 -5402 479
-100 9688 975
-100 -7228 949
-100 7670 217
-100 8494 960
-100 -7486 569
-100 -2374 485
-100 8202 782
-100 9498 907
-100 -9052 898
-100 -7456 148
-100 4508 395
-100 620 750
-100 6264 957
-100 -524 454
-100 8798 443
-100 330 711
-100 5236 820
-100 -6408 731
-100 5144 163
-100 2280 830
-100 3528 485
-100 -4262 746
-100 -882 781
-100 8856 454
-100 716 612
-100 -9536 653
-100 3992 575
-100 4192 799
-100 -7986 198
-100 1284 525
-100 5386 671
-100 5504 777
-100 -2156 904
-100 3208 113
-100 -4308 975
-100 7350 238
-100 -3746 620
-100 -4376 638
-100 -6298 990
-100 8728 287
-100 5380 942
-100 5430 783
-100 -976 307
-100 3108 157
-100 -9010 134
-100 6334 195
-100 4126 115
-100 -5392 470
-100 -4398 900
-100 7544 272
-100 -3636 893
-100 2290 300
-100 -5834 284
-100 1830 429
-100 -1958 118
-100 -584 713
-100 9438 476
-100 2652 262
-100 3328 649
-100 -5354 628
-100 -3930 771
-100 -552 386
-100 -8956 364
-100 7082 317
-100 -4946 531
-100 -4846 529
-100 6674 218
-100 -4856 379
-100 2208 337
-100 2226 255
-100 9206 686
-100 -4104 387
-100 -4640 957
-100 -7560 649
-100 -1196 594
-100 6664 491
-100 -7374 256
-100 9172 888
-100 4334 467
-100 7076 135
-100 -5794 740
-100 8432 754
-100 2654 932
-100 4114 129
-100 6464 955
-100 -9640 414
-100 -964 442
-100 38 687
-100 -7880 694
-100 5804 584
-100 -1982 893
-100 -4576 327
-100 7084 412
-100 -654 954
-100 -3770 559
-100 7330 229
-100 -7578 490
-100 8888 371
-100 -8174 670
-100 2476 232
-100 -9128 366
-100 -5234 556
-100 -3794 342
-100 6458 666
-100 -9158 837
-100 -306 372
-100 9286 644
-100 -2268 752
-100 -8682 297
-100 8382 851
-100 -814 610
-100 -8718 576
-100 -4250 404
-100 4306 803
-100 -1130 182
-100 6620 541
-100 68 148
-100 -3572 676
-100 3968 327
-100 370 206
-100 8046 680
-100 -4618 599
-100 6542 214
-100 8388 656
-100 1634 650
-100 -9756 152
-100 6294 138
-100 -6318 629
-100 -4116 685
-100 -9042 502
-100 436 162
-100 1138 254
-100 -6490 352
-100 -4140 990
-100 374 121
-100 -4154 859
-100 8160 571
-100 3144 897
-100 -9978 530
-100 -76 556
-100 -2230 636
-100 6696 709
-100 -2032 513
-100 3950 226
-100 -3296 794
-100 -3122 561
-100 6634 391
-100 8340 495
-100 2186 733
-100 7422 761
-100 -2950 692
-100 -6580 737
-100 -4468 129
-100 9250 234
-100 1492 644
-100 -6592 646
-100 5356 733
-100 6056 148
-100 9796 491
-100 -3188 511
-100 -8146 862
-100 -6438 734
-100 4574 102
-100 6132 701
-100 7794 611
-100 2108 835
-100 7614 745
-100 -5370 993
-100 2412 902
-100 2436 235
-100 7938 540
-100 5232 364
-100 -9664 490
-100 -1696 216
-100 -7424 981
-100 -4282 731
-100 -6764 486
-100 -1640 716
-100 8854 303
-100 -16 525
-100 1706 436
-100 7244 233
-100 -9508 134
-100 6724 952
-100 9708 802
-100 -5034 985
-100 -6428 599
-100 8322 403
-100 2022 726
-100 4968 473
-100 -8982 527
-100 -2188 507
-100 -7592 178
-100 1292 657
-100 9952 791
-100 -8244 330
-100 756 859
-100 9592 472
-100 -9020 585
-100 1690 461
-100 8074 467
-100 -3148 505
-100 -6892 775
-100 -5650 467
-100 6350 319
-100 -8060 543
-100 150 172
-100 -2324 114
-100 1738 858
-100 8038 914
-100 -8026 941
-100 8044 445
-100 8142 395
-100 7598 417
-100 -3902 403
-100 -5104 678
-100 -8216 557
-100 -6784 880
-100 -536 865
-100 8684 292
-100 8552 818
-100 -1994 136
-100 -6810 499
-100 -7652 346
-100 9152 404
-100 5214 819
-100 -8620 517
-100 -9688 355
-100 -946 180
-100 -5700 376
-100 -5350 904
-100 4746 803
-100 -9560 472
-100 -8962 613
-100 -7300 625
-100 3460 948
-100 1884 562
-100 -7210 385
-100 -7796 856
-100 5472 749
-100 1356 208
-100 -5532 549
-100 -9932 944
-100 -5188 485
-100 3896 921
-100 -9864 319
-100 8828 317
-100 8794 233
-100 -1928 181
-100 -5290 304
-100 -6238 702
-100 1574 495
-100 -9624 433
-100 9744 978
-100 4806 586
-100 -1870 525
-100 2040 137
-100 3658 143
-100 -4968 263
-100 1826 692
-100 3600 942
-100 6864 197
-100 -7572 859
-100 -3738 951
-100 -2852 934
-100 4028 322
-100 1032 657
-100 7836 408
-100 6164 498
-100 -2136 513
-100 -8632 451
-100 8580 479
-100 -8056 291
-100 2870 490
-100 -9830 182
-100 -6992 313
-100 -9964 728
-100 -7090 219
-100 792 837
-100 540 144
-100 -1948 144
-100 -6710 590
-100 -3324 315
-100 8774 996
-100 -2592 639
-100 -8930 594
-100 -5336 470
-100 2408 126
-100 -9856 881
-100 1504 478
-100 -6724 786
-100 3676 369
-100 5766 805
-100 2482 724
-100 -9828 320
-100 4794 388
-100 -9024 735
-100 -9216 162
-100 -9058 682
-100 -6160 144
-100 -2924 708
-100 -8134 595
-100 -8976 197
-100 6560 202
-100 -4564 328
-100 3774 223
-100 -6092 244
-100 -4612 790
-100 5768 168
-100 -6612 994
-100 -3034 846
-100 -4538 429
-100 -7580 156
-100 5100 643
-100 4230 986
-100 -9112 872
-100 1482 139
-100 -2880 218
-100 130 210
-100 7336 968
-100 2510 249
-100 -5716 854
-100 6704 401
-100 -688 436
-100 4156 399
-100 9612 425
-100 -4932 125
-100 -7164 393
-100 -6514 537
-100 7880 425
-100 5118 825
-100 5362 476
-100 3462 180
-100 7450 857
-100 -6878 779
-100 -3954 292
-100 7542 783
-100 6510 420
-100 4144 499
-100 5982 390
-100 50 748
-100 7976 162
-100 -5474 602
-100 -1150 336
-100 -706 679
-100 4092 868
-100 -9056 446
-100 -5262 875
-100 5984 582
-100 7074 571
-100 -6186 287
-100 3430 403
-100 3138 874
-100 3870 396
-100 4826 749
-100 -230 916
-100 -2972 329
-100 3076 278
-100 6690 280
-100 -5298 723
-100 -5928 742
-100 9544 994
-100 -2280 278
-100 -3022 255
-100 -2532 329
-100 -5006 835
-100 -5640 101
-100 588 639
-100 -6136 773
-100 6026 819
-100 4658 484
-100 484 532
-100 -4442 834
-100 6798 712
-100 -5020 274
-100 -4240 801
-100 4862 876
-100 580 544
-100 5868 376
-100 -3914 548
-100 9198 230
-100 7662 274
-100 -8810 862
-100 -5404 756
-100 8742 231
-100 -3890 564
-100 1376 484
-100 5788 602
-100 3358 637
-100 5882 900
-100 -7644 422
-100 -1044 146
-100 6364 227
-100 4872 783
-100 3852 815
-100 -3720 102
-100 -7922 645
-100 7886 236
-100 -8612 864
-100 4518 292
-100 6282 788
-100 8312 100
-100 -9136 575
-100 -6880 550
-100 2830 885
-100 9488 801
-100 6526 145
-100 1868 402
-100 9872 715
-100 9040 464
-100 7948 150
-100 8824 886
-100 7156 304
-100 -5982 276
-100 384 107
-100 7578 618
-100 6978 785
-100 -3844 969
-100 -4006 987
-100 -9962 988
-100 5822 620
-100 1170 975
-100 -7062 895
-100 -8032 369
-100 8900 745
-100 6236 389
-100 -8092 683
-100 5712 963
-100 9150 149
-100 5182 894
-100 -9196 121
-100 6246 513
-100 -8336 514
-100 -736 708
-100 5300 566
-100 7550 394
-100 -1522 347
-100 2718 278
-100 -9022 596
-100 6174 922
-100 -8520 613
-100 6222 363
-100 -1456 257
-100 -9326 671
-100 -294 999
-100 -1720 301
-100 -4336 724
-100 -2282 267
-100 9888 651
-100 -7142 408
-100 -4496 304
-100 -7124 340
-100 -5804 395
-100 -1026 965
-100 -8300 296
-100 8896 124
-100 2182 982
-100 -66 759
-100 2924 383
-100 9912 727
-100 7150 203
-100 -6072 779
-100 2456 266
-100 -9738 545
-100 3164 221
-100 5146 506
-100 4074 489
-100 2792 322
-100 -8676 694
-100 -6430 241
-100 9016 698
-100 -9562 894
-100 -5320 571
-100 -2940 868
-100 3668 156
-100 806 862
-100 2678 435
-100 -7314 482
-100 8470 881
-100 -2728 170
-100 -8354 195
-100 2852 768
-100 -9860 908
-100 1490 169
-100 -3726 852
-100 834 233
-100 -8722 241
-100 4758 103
-100 5686 452
-100 8490 437
-100 -6826 977
-100 -4178 221
-100 -888 713
-100 4020 182
-100 4324 148
-100 8274 289
-100 8804 670
-100 5894 678
-100 3622 654
-100 -7506 342
-100 -5564 558
-100 -466 705
-100 -5368 363
-100 -5126 546
-100 5800 938
-100 -6960 893
-100 -4010 713
-100 -2632 252
-100 -7810 584
-100 -6744 851
-100 -1864 628
-100 -7576 330
-100 7096 807
-100 5954 715
-100 -3264 971
-100 9312 980
-100 -5950 613
-100 -628 776
-100 7164 902
-100 -3354 512
-100 2062 155
-100 6546 919
-100 -1022 550
-100 3238 990
-100 -6198 398
-100 -6064 778
-100 -746 137
-100 2384 629
-100 -7262 721
-100 -4190 694
-100 1052 933
-100 972 121
-100 -5998 873
-100 -6348 918
-100 -5176 366
-100 5256 554
-100 -468 489
-100 5980 951
-100 1680 531
-100 6562 953
-100 -2752 595
-100 -7714 790
-100 7210 381
-100 -6312 397
-100 8838 429
-100 7642 814
-100 144 481
-100 3078 979
-100 -596 710
-100 -1302 497
-100 -2820 998
-100 -4382 816
-100 -8306 114
-100 -8444 961
-100 -8628 839
-100 -6796 857
-100 2400 839
-100 -316 655
-100 -938 610
-100 -3388 255
-100 9858 296
-100 340 886
-100 6202 944
-100 4888 354
-100 -7390 365
-100 3978 598
-100 -9168 870
-100 464 439
-100 8024 812
-100 -8716 144
-100 3906 136
-100 -4678 320
-100 -4838 583
-100 -2668 784
-100 -4528 428
-100 6266 777
-100 -4284 992
-100 -8088 650
-100 2894 937
-100 5630 545
-100 -2806 159
-100 9610 483
-100 -3678 346
-100 7400 770
-100 -6780 996
-100 -2734 929
-100 786 433
-100 -3880 400
-100 -140 174
-100 4802 309
-100 -7048 872
-100 8342 371
-100 -1740 576
-100 3812 981
-100 -8236 275
-100 -132 949
-100 3592 193
-100 8738 301
-100 7634 478
-100 2554 442
-100 -7190 164
-100 558 183
-100 320 599
-100 9760 565
-100 4734 404
-100 9790 937
-100 9738 801
-100 -2020 207
-100 -2296 452
-100 -8674 691
-100 -8872 179
-100 -4470 542
-100 -300 689
-100 -8112 765
-100 6422 751
-100 -6870 541
-100 -3754 212
-100 5878 741
-100 2890 775
-100 -1836 311
-100 -7942 943
-100 3378 396
-100 -8500 312
-100 -8272 611
-100 -4018 516
-100 72 580
-100 2752 451
-100 5398 703
-100 3308 441
-100 -2600 253
-100 624 428
-100 6734 222
-100 -7206 794
-100 200 935
-100 2206 824
-100 1836 107
-100 -2740 754
-100 7240 718
-100 2202 583
-100 584 754
-100 -522 225
-100 -7930 346
-100 -8256 651
-100 -8744 804
-100 -8292 661
-100 -204 504
-100 1904 107
-100 -9328 136
-100 3606 787
-100 5764 590
-100 4984 650
-100 1696 218
-100 -7516 526
-100 -792 580
-100 -5040 282
-100 -7498 412
-100 -4874 367
-100 8010 700
-100 -2358 903
-100 8200 648
-100 6372 114
-100 -3024 738
-100 3168 755
-100 8484 488
-100 8234 847
-100 4614 191
-100 3030 410
-100 4424 492
-100 -570 701
-100 -3232 703
-100 -2190 910
-100 2116 508
-100 -1818 276
-100 5234 199
-100 -2656 439
-100 1948 344
-100 9506 227
-100 -9782 282
-100 -3784 856
-100 -184 681
-100 -9884 618
-100 -2062 151
-100 -244 698
-100 882 176
-100 -7174 280
-100 5222 390
-100 -4524 831
-100 -100 317
-100 -8884 699
-100 2858 722
-100 -7760 467
-100 -4486 877
-100 -6090 169
-100 5706 209
-100 -1248 939
-100 1210 260
-100 8792 121
-100 7020 681
-100 -2714 129
-100 -3998 905
-100 1402 499
-100 -7196 341
-100 -1198 564
-100 -8836 256
-100 -5976 784
-100 -416 916
-100 302 716
-100 -6884 225
-100 -2860 393
-100 -4836 432
-100 -8768 159
-100 -6060 965
-100 9532 707
-100 -5288 467
-100 -6110 821
-100 -3228 434
-100 -3606 487
-100 5700 877
-100 -7626 402
-100 1564 773
-100 1526 412
-100 7562 862
-100 -352 663
-100 9782 734
-100 4834 811
-100 -8670 993
-100 52 870
-100 -9544 708
-100 -3030 373
-100 -9848 790
-100 -142 172
-100 1486 944
-100 -1018 784
-100 6412 595
-100 -5204 660
-100 -372 654
-100 1898 957
-100 1848 793
-100 3014 422
-100 8188 471
-100 -8120 137
-100 -2700 682
-100 7352 884
-100 4644 606
-100 8940 746
-100 -7292 723
-100 8358 626
-100 -2570 583
-100 8338 359
-100 9560 770
-100 4024 557
-100 -2384 193
-100 8904 794
-100 4630 458
-100 -5398 118
-100 2042 924
-100 2574 694
-100 4550 565
-100 -3086 925
-100 -5704 993
-100 -28 683
-100 5708 112
-100 8876 517
-100 886 234
-100 -7144 220
-100 8498 937
-100 832 297
-100 6498 385
-100 -5890 574
-100 4958 383
-100 1916 333
-100 -5492 269
-100 -2486 236
-100 4478 919
-100 2336 929
-100 7188 566
-100 -2440 439
-100 308 528
-100 -3602 311
-100 -5820 882
-100 -542 289
-100 1782 938
-100 4084 194
-100 -4622 199
-100 9418 930
-100 1936 663
-100 -3958 350
-100 -1306 686
-100 -6360 328
-100 3140 949
-100 -1356 377
-100 7062 665
-100 -134 919
-100 6656 776
-100 -2674 135
-100 2746 347
-100 1308 388
-100 -5340 823
-100 4158 809
-100 2468 404
-100 9132 165
-100 -7476 221
-100 962 254
-100 -2068 998
-100 -6540 705
-100 4500 198
-100 -9928 164
-100 3316 462
-100 8254 425
-100 -2122 452
-100 -2414 848
-100 -904 695
-100 -936 423
-100 1462 190
-100 4466 677
-100 -650 921
-100 4442 963
