1000
1 1 1000
5 -10 1
-6516 -5 321
-4806 -5 700
9126 -5 163
-8607 -5 818
-4419 -5 211
6180 -5 384
-5235 -5 107
-9498 -5 480
-8499 -5 874
-1854 -5 670
414 -5 734
-1329 -5 592
2436 -5 608
3510 -5 830
-1302 -5 516
1584 -5 641
-8973 -5 321
8862 -5 788
3039 -5 394
-7413 -5 480
-2244 -5 79
-3450 -5 36
6684 -5 845
-90 -5 845
-3030 -5 228
-6105 -5 676
-2169 -5 85
-3201 -5 860
-5946 -5 547
-7134 -5 772
-4908 -5 158
5505 -5 301
471 -5 195
8475 -5 325
-6015 -5 145
-6267 -5 417
5166 -5 276
5349 -5 453
-2826 -5 624
-3423 -5 391
-4740 -5 895
-8592 -5 460
-9168 -5 167
-6180 -5 820
7500 -5 239
6552 -5 835
3621 -5 708
489 -5 465
-765 -5 415
7953 -5 34
-3909 -5 123
5829 -5 121
-7452 -5 465
6936 -5 391
-4473 -5 15
6051 -5 400
7365 -5 44
5292 -5 122
-5157 -5 753
453 -5 819
2697 -5 750
3690 -5 333
-1530 -5 675
4164 -5 503
1332 -5 51
-3438 -5 826
-1908 -5 201
-4230 -5 583
-3054 -5 24
2637 -5 314
4281 -5 237
-3552 -5 743
4002 -5 241
7197 -5 650
-9249 -5 671
-5673 -5 834
-5973 -5 706
3579 -5 689
-4281 -5 746
9360 -5 338
2802 -5 677
-7485 -5 713
5847 -5 512
-3375 -5 53
-9465 -5 737
609 -5 244
1674 -5 478
8229 -5 580
-7692 -5 365
6669 -5 11
-9579 -5 247
6225 -5 731
-4881 -5 672
-756 -5 243
-5925 -5 519
7044 -5 160
8574 -5 866
-6375 -5 160
3540 -5 185
-9696 -5 185
-8115 -5 695
-6240 -5 228
6252 -5 835
-921 -5 272
-4464 -5 324
-561 -5 547
-8997 -5 153
9675 -5 235
-8901 -5 83
-3279 -5 427
1026 -5 810
-7917 -5 216
969 -5 347
7764 -5 873
-3543 -5 416
-4197 -5 300
2664 -5 500
-9450 -5 254
1698 -5 538
2502 -5 349
-2229 -5 609
3072 -5 829
3162 -5 786
9810 -5 95
-8367 -5 643
-9378 -5 778
-180 -5 334
-6456 -5 173
-2553 -5 812
4410 -5 809
-4392 -5 747
441 -5 441
-2022 -5 706
5442 -5 56
-5493 -5 321
3474 -5 653
9333 -5 845
-8145 -5 726
8001 -5 625
-5994 -5 240
4212 -5 309
6042 -5 521
6651 -5 601
3651 -5 382
-9510 -5 626
-3756 -5 372
-2940 -5 613
-6054 -5 235
-6390 -5 741
-45 -5 490
348 -5 359
1101 -5 484
7542 -5 128
4401 -5 535
-1524 -5 627
9957 -5 343
-7608 -5 168
4389 -5 84
3570 -5 831
6327 -5 411
-138 -5 626
-3348 -5 218
1155 -5 717
-4476 -5 423
3717 -5 555
9840 -5 115
4068 -5 680
-9357 -5 185
183 -5 419
-8982 -5 526
-5886 -5 831
7350 -5 47
-2325 -5 209
-5538 -5 258
8856 -5 117
1800 -5 565
-2523 -5 236
8961 -5 72
-3606 -5 221
2454 -5 276
2166 -5 138
-7905 -5 409
-3777 -5 708
6699 -5 502
3726 -5 403
2040 -5 198
-3267 -5 522
-960 -5 171
1821 -5 863
9315 -5 294
1530 -5 198
-3480 -5 233
-2187 -5 242
2508 -5 337
9507 -5 524
-9759 -5 110
-4239 -5 790
-3345 -5 87
-9135 -5 462
2109 -5 766
-6171 -5 679
987 -5 477
5004 -5 47
-1959 -5 130
-8328 -5 168
-7113 -5 385
-1749 -5 38
-453 -5 360
9354 -5 177
-3672 -5 78
-5016 -5 259
-8487 -5 168
-9375 -5 587
7068 -5 449
-8991 -5 342
9741 -5 439
6825 -5 623
-3369 -5 207
-6864 -5 128
3219 -5 362
7032 -5 537
-918 -5 523
6792 -5 353
-1575 -5 226
6600 -5 350
-1197 -5 73
-6291 -5 734
-5121 -5 297
7083 -5 85
5778 -5 333
7299 -5 161
-9219 -5 808
2580 -5 882
-6198 -5 304
6891 -5 652
-990 -5 311
4521 -5 132
3129 -5 667
-7338 -5 859
4326 -5 573
2073 -5 522
-294 -5 840
-5604 -5 482
-3372 -5 310
-9489 -5 507
7872 -5 201
6132 -5 32
3696 -5 391
-1161 -5 241
-1143 -5 423
3000 -5 617
9939 -5 695
5874 -5 225
9282 -5 44
-9333 -5 797
7986 -5 798
-1620 -5 587
-3894 -5 412
-8739 -5 617
-2916 -5 835
-42 -5 55
6822 -5 65
2343 -5 787
5352 -5 854
-4899 -5 32
-9009 -5 36
-4746 -5 636
4398 -5 115
-2631 -5 498
-6699 -5 473
5031 -5 90
-7743 -5 511
-7815 -5 137
3990 -5 119
2724 -5 884
-4416 -5 797
-3459 -5 94
6351 -5 124
1479 -5 486
-6693 -5 834
-3045 -5 671
4662 -5 802
2814 -5 274
2841 -5 591
-9810 -5 514
-1893 -5 33
-8868 -5 87
-6192 -5 600
-8721 -5 63
-261 -5 343
6693 -5 479
1512 -5 476
6537 -5 55
8811 -5 259
9537 -5 102
-7053 -5 127
8724 -5 180
-6060 -5 744
-5004 -5 574
-8253 -5 535
-363 -5 540
9816 -5 845
-7449 -5 217
-1080 -5 283
-5544 -5 462
-5385 -5 455
2346 -5 229
2118 -5 561
-1272 -5 342
3180 -5 255
8760 -5 300
7629 -5 25
7599 -5 22
5589 -5 495
375 -5 678
7284 -5 358
-7707 -5 869
1179 -5 86
-498 -5 811
6717 -5 356
2775 -5 18
-5916 -5 11
-9276 -5 588
7209 -5 858
9693 -5 543
-8736 -5 317
-6585 -5 288
5358 -5 576
8625 -5 95
7167 -5 338
-5376 -5 547
612 -5 754
-3639 -5 178
1656 -5 695
321 -5 856
2100 -5 308
6165 -5 167
-5256 -5 854
-4068 -5 56
3234 -5 458
-6 -5 822
1767 -5 457
9117 -5 324
6624 -5 255
7905 -5 617
3873 -5 830
8589 -5 237
5718 -5 307
9429 -5 685
7515 -5 573
-9816 -5 244
-7695 -5 831
-8289 -5 599
-3108 -5 803
336 -5 55
4926 -5 220
9195 -5 459
5181 -5 643
1506 -5 87
8391 -5 152
-2634 -5 353
-4608 -5 683
-8220 -5 306
-5262 -5 331
-5778 -5 540
6441 -5 768
-3339 -5 483
4968 -5 582
3453 -5 284
4638 -5 678
-9201 -5 789
3654 -5 228
5127 -5 327
-738 -5 608
2067 -5 487
-2706 -5 799
7128 -5 443
-8529 -5 128
-1725 -5 449
-8106 -5 633
9252 -5 57
-7191 -5 657
-8622 -5 655
-8493 -5 358
8307 -5 307
966 -5 329
-5070 -5 174
2994 -5 723
960 -5 378
9024 -5 267
3951 -5 810
9495 -5 615
-2313 -5 117
-6150 -5 633
4782 -5 364
-1608 -5 697
4719 -5 374
-3906 -5 634
5058 -5 174
1005 -5 34
1227 -5 542
-9657 -5 700
-6099 -5 25
7041 -5 452
-4227 -5 13
3120 -5 291
8997 -5 61
4221 -5 599
-2316 -5 149
8781 -5 633
2007 -5 21
-6309 -5 95
-5637 -5 445
-1695 -5 148
2754 -5 285
-4344 -5 889
-7956 -5 336
9288 -5 247
-4308 -5 859
7275 -5 865
-1881 -5 303
-3633 -5 610
5067 -5 396
-1035 -5 148
2517 -5 398
7491 -5 345
-7644 -5 78
2796 -5 839
303 -5 686
-1086 -5 297
5001 -5 561
6567 -5 648
2133 -5 248
-1860 -5 182
5844 -5 104
6387 -5 419
9030 -5 278
4335 -5 459
3114 -5 710
-3384 -5 50
-516 -5 243
-6306 -5 563
5853 -5 110
5340 -5 202
8376 -5 850
4629 -5 609
7422 -5 886
4446 -5 605
8184 -5 126
-216 -5 585
2829 -5 160
4314 -5 728
-5076 -5 222
7614 -5 72
-8793 -5 277
1047 -5 178
2886 -5 194
-6960 -5 496
4494 -5 739
4482 -5 593
1281 -5 225
-2847 -5 39
9648 -5 748
-9354 -5 508
7737 -5 49
9981 -5 121
7638 -5 886
5751 -5 616
1896 -5 489
-7602 -5 92
-3264 -5 673
-609 -5 16
-942 -5 405
-3072 -5 235
-8619 -5 466
7941 -5 347
-6222 -5 249
8289 -5 601
8736 -5 560
-7395 -5 565
3195 -5 748
6162 -5 594
6966 -5 827
267 -5 220
-78 -5 71
-9300 -5 469
-5595 -5 818
9213 -5 836
2613 -5 754
4737 -5 300
6129 -5 362
-7734 -5 623
-4191 -5 354
-7320 -5 492
-6933 -5 97
-5169 -5 313
-8229 -5 575
243 -5 525
-1170 -5 50
-2682 -5 533
-1461 -5 641
3879 -5 495
-3558 -5 640
1458 -5 341
8859 -5 303
4014 -5 859
-9024 -5 871
4497 -5 26
1683 -5 821
8370 -5 78
7713 -5 138
9831 -5 636
2772 -5 475
-3204 -5 132
-6801 -5 465
-1410 -5 268
5772 -5 169
7002 -5 168
-2970 -5 226
7857 -5 552
-2817 -5 31
-1509 -5 857
-2994 -5 129
3582 -5 748
2910 -5 43
-5067 -5 504
-1419 -5 307
-8406 -5 128
6957 -5 881
-3900 -5 642
8745 -5 161
-8442 -5 556
-6579 -5 712
-8478 -5 195
-7884 -5 25
-123 -5 25
-7482 -5 497
-9597 -5 383
3462 -5 143
216 -5 633
8025 -5 125
-477 -5 267
-4041 -5 316
9261 -5 322
4602 -5 615
5133 -5 556
8844 -5 14
6102 -5 669
423 -5 383
-7824 -5 742
7596 -5 517
-4023 -5 303
2640 -5 283
-3156 -5 558
8595 -5 743
2481 -5 696
9111 -5 886
-6093 -5 567
5160 -5 657
-5289 -5 426
-8319 -5 336
-9732 -5 239
189 -5 812
-150 -5 402
-1626 -5 763
3909 -5 12
-9267 -5 539
4893 -5 423
1509 -5 735
5574 -5 344
-30 -5 188
-4677 -5 316
-213 -5 392
687 -5 366
6345 -5 583
-1371 -5 275
7158 -5 824
6804 -5 706
-9561 -5 107
-657 -5 584
5055 -5 331
1266 -5 506
-5856 -5 189
4701 -5 157
1737 -5 155
6903 -5 96
3171 -5 554
-1674 -5 141
-2856 -5 540
-6927 -5 780
5910 -5 367
7317 -5 377
-6357 -5 451
-8625 -5 420
792 -5 287
-3954 -5 108
-3219 -5 734
-4962 -5 625
-2127 -5 878
-1044 -5 864
-1101 -5 565
8994 -5 399
-1950 -5 105
-7155 -5 717
-3855 -5 365
-1059 -5 474
-3222 -5 767
915 -5 102
5928 -5 416
5838 -5 198
-7851 -5 71
-1431 -5 724
-1581 -5 175
-9831 -5 500
9807 -5 634
-6768 -5 17
2943 -5 650
2313 -5 716
-9051 -5 800
3426 -5 600
-198 -5 405
6237 -5 222
-6621 -5 610
-9699 -5 352
-1746 -5 395
4323 -5 508
-5142 -5 613
-7578 -5 503
5439 -5 225
1626 -5 813
3207 -5 385
-3519 -5 588
-4896 -5 566
-6879 -5 363
-2403 -5 816
-5625 -5 20
-5952 -5 212
-7854 -5 486
3816 -5 207
-351 -5 359
2835 -5 728
-9462 -5 634
-8127 -5 377
-1755 -5 680
-9813 -5 93
5958 -5 420
-1866 -5 395
9780 -5 339
-2469 -5 15
7443 -5 200
-4173 -5 371
-222 -5 371
-3303 -5 789
-1566 -5 681
-888 -5 748
2376 -5 179
5364 -5 641
1059 -5 701
123 -5 580
1485 -5 875
6153 -5 166
2076 -5 838
-5607 -5 392
-7116 -5 580
-8181 -5 285
-9744 -5 540
7461 -5 635
-4353 -5 265
6666 -5 635
1032 -5 664
-4842 -5 515
1446 -5 525
8802 -5 630
-1986 -5 581
-6519 -5 118
2424 -5 201
4122 -5 796
-7491 -5 132
5622 -5 479
9291 -5 220
-828 -5 412
1569 -5 49
9720 -5 360
6750 -5 643
-9960 -5 440
-8697 -5 255
9987 -5 574
-5898 -5 583
4665 -5 280
-5388 -5 289
-2178 -5 307
-210 -5 126
5817 -5 854
-6090 -5 310
-3123 -5 383
-4326 -5 855
1422 -5 414
-1623 -5 489
-3564 -5 437
-5820 -5 807
-7623 -5 294
5400 -5 20
3648 -5 200
-5643 -5 364
-9540 -5 81
-1200 -5 343
-8910 -5 304
-7353 -5 897
9303 -5 602
-1905 -5 716
-1992 -5 395
-5139 -5 495
-4275 -5 811
-9030 -5 235
-6777 -5 149
-1473 -5 341
-6282 -5 762
300 -5 180
-6822 -5 665
3306 -5 362
4449 -5 300
3798 -5 786
5805 -5 351
-5478 -5 547
9786 -5 510
3972 -5 722
-9072 -5 851
-6108 -5 220
9714 -5 68
-3477 -5 471
1467 -5 125
4353 -5 502
102 -5 490
3684 -5 832
-8820 -5 157
-8067 -5 563
2046 -5 252
1545 -5 572
1098 -5 281
-108 -5 138
2325 -5 886
9915 -5 699
3666 -5 888
2700 -5 686
1497 -5 112
3597 -5 380
-2556 -5 143
-2235 -5 618
-6756 -5 859
4455 -5 57
-8952 -5 699
-3105 -5 285
-1365 -5 305
-2031 -5 22
-9930 -5 821
-7167 -5 744
-7284 -5 669
6906 -5 50
-4866 -5 670
3123 -5 257
2448 -5 68
-6048 -5 287
6150 -5 161
2370 -5 867
3633 -5 219
-579 -5 578
2940 -5 756
1470 -5 698
9669 -5 691
9396 -5 221
2562 -5 457
-7398 -5 828
3783 -5 894
5022 -5 520
-144 -5 832
1704 -5 732
3756 -5 198
-9225 -5 887
8832 -5 201
-3093 -5 302
3792 -5 59
1092 -5 76
-1521 -5 776
-1782 -5 468
-3420 -5 197
-8226 -5 634
6069 -5 431
2928 -5 878
-4620 -5 697
1413 -5 420
6759 -5 597
8850 -5 11
8424 -5 873
7812 -5 353
7356 -5 849
9828 -5 112
-3255 -5 334
-7839 -5 661
7038 -5 238
8685 -5 300
-1029 -5 110
-1023 -5 767
-5106 -5 342
-903 -5 845
9165 -5 215
-1902 -5 70
-4569 -5 254
6939 -5 185
-4665 -5 312
-6936 -5 104
2217 -5 575
5370 -5 26
-8019 -5 573
8046 -5 318
3906 -5 464
2694 -5 866
-2613 -5 833
-2073 -5 780
8061 -5 615
-5841 -5 10
2460 -5 488
-5163 -5 889
5391 -5 871
-5802 -5 145
6918 -5 330
-1167 -5 437
7920 -5 478
-2373 -5 149
6852 -5 544
-9807 -5 461
-4611 -5 28
-4002 -5 496
-5562 -5 548
-3042 -5 594
7050 -5 401
2745 -5 730
1533 -5 791
-5028 -5 742
-6018 -5 134
432 -5 720
7140 -5 822
-4362 -5 667
6396 -5 382
-6570 -5 521
7989 -5 608
-648 -5 194
-1449 -5 263
-9291 -5 364
-5937 -5 620
-8760 -5 54
9984 -5 575
-537 -5 558
-2661 -5 716
-816 -5 45
6546 -5 447
2787 -5 344
18 -5 145
-2712 -5 167
-9027 -5 140
1206 -5 432
-6711 -5 741
-4083 -5 647
480 -5 675
-5958 -5 276
5685 -5 47
-6201 -5 179
-8043 -5 138
6492 -5 833
7371 -5 770
-4389 -5 839
-6969 -5 392
483 -5 273
5922 -5 870
5952 -5 211
1308 -5 823
-8142 -5 894
9228 -5 665
7962 -5 404
-1617 -5 331
-2199 -5 226
3837 -5 121
-4683 -5 514
-4548 -5 844
7839 -5 710
-5097 -5 752
5010 -5 481
-1344 -5 375
1650 -5 783
2757 -5 737
-2211 -5 879
2733 -5 770
-3966 -5 886
-7797 -5 573
1050 -5 264
762 -5 322
4530 -5 352
-6360 -5 799
5841 -5 849
-4095 -5 362
-7077 -5 808
-9585 -5 266
-2652 -5 600
1641 -5 283
5715 -5 495
8478 -5 785
5655 -5 866
1725 -5 842
-8838 -5 204
2865 -5 642
522 -5 47
-2193 -5 852
9531 -5 802
8304 -5 537
8436 -5 692
-7770 -5 453
7548 -5 149
1107 -5 863
5682 -5 571
-7083 -5 311
9012 -5 47
8907 -5 530
8094 -5 689
4731 -5 854
-8976 -5 262
-8754 -5 740
-5040 -5 100
-7461 -5 625
6801 -5 705
4596 -5 133
1113 -5 171
-5982 -5 407
2601 -5 892
3966 -5 731
6204 -5 831
-6057 -5 207
6366 -5 636
-9048 -5 128
-684 -5 718
-5442 -5 694
-5547 -5 868
-6165 -5 623
5850 -5 680
5103 -5 263
-8511 -5 207
-7068 -5 77
-1911 -5 21
-1836 -5 690
798 -5 514
-4764 -5 373
-3891 -5 483
-8766 -5 38
2283 -5 426
9480 -5 672
-7431 -5 711
462 -5 85
9759 -5 522
-2427 -5 690
8718 -5 446
6411 -5 150
-4950 -5 109
-6471 -5 868
-5757 -5 323
3615 -5 861
9090 -5 155
7530 -5 483
-7350 -5 382
-7938 -5 517
-867 -5 352
-6387 -5 261
8631 -5 443
-9252 -5 839
-3126 -5 560
-4686 -5 359
9900 -5 370
-8277 -5 490
-1368 -5 481
1677 -5 827
5043 -5 643
-8664 -5 668
-6720 -5 827
-4212 -5 600
4770 -5 643
8529 -5 52
-4278 -5 896
6318 -5 26
2826 -5 599
7101 -5 822
8310 -5 616
-2781 -5 650
1443 -5 580
-9183 -5 683
-9159 -5 818
-4170 -5 124
-9153 -5 513
-3534 -5 79
-825 -5 349
885 -5 186
-9324 -5 789
