1000
1 1 1000
5 -10 1
5985 -5 623
-1950 -5 869
-63 -5 556
5574 -5 67
9888 -5 513
2664 -5 218
1620 -5 594
2142 -5 717
-3594 -5 65
3057 -5 786
3399 -5 281
6456 -5 289
6801 -5 476
9678 -5 310
-2826 -5 46
249 -5 511
8529 -5 110
-3552 -5 507
-8667 -5 90
-8928 -5 716
4440 -5 730
6477 -5 790
-6174 -5 325
-7899 -5 459
-9051 -5 160
-2031 -5 809
-6369 -5 752
-618 -5 752
2781 -5 458
6849 -5 887
-1701 -5 741
798 -5 323
-3720 -5 449
-8508 -5 700
-225 -5 501
-3588 -5 306
-1974 -5 662
-5955 -5 665
3906 -5 656
-993 -5 481
3471 -5 449
-5406 -5 534
-3456 -5 268
1524 -5 585
-7365 -5 436
6693 -5 326
-2874 -5 176
-870 -5 827
-6561 -5 751
-8451 -5 774
5709 -5 124
-3195 -5 549
-315 -5 850
288 -5 759
-9156 -5 593
-8433 -5 470
6213 -5 120
9474 -5 75
-1845 -5 502
7107 -5 873
-6729 -5 71
-7578 -5 783
168 -5 533
-5781 -5 836
6744 -5 43
-7476 -5 444
7188 -5 199
-8559 -5 568
1377 -5 446
8037 -5 859
6606 -5 601
4743 -5 665
9483 -5 386
4878 -5 352
-8970 -5 255
8865 -5 505
2820 -5 487
-3894 -5 75
-6849 -5 853
7173 -5 855
-966 -5 804
7068 -5 409
3633 -5 526
-3660 -5 120
2805 -5 174
-8025 -5 769
-7398 -5 33
-4083 -5 700
-2601 -5 735
7704 -5 823
-4512 -5 248
7791 -5 70
-7647 -5 279
-5787 -5 45
4497 -5 440
-2214 -5 649
8904 -5 739
-7911 -5 713
-3480 -5 29
-5088 -5 391
-8223 -5 680
-1173 -5 803
-2670 -5 692
-8064 -5 550
-1782 -5 750
-1413 -5 100
-3801 -5 134
-6003 -5 851
8151 -5 870
-654 -5 579
-2331 -5 225
5925 -5 309
-5646 -5 220
6366 -5 596
-1812 -5 381
7509 -5 249
9558 -5 860
3987 -5 816
1821 -5 780
-8832 -5 113
-3000 -5 74
-1542 -5 585
-9594 -5 851
3753 -5 307
-6237 -5 286
1539 -5 22
9111 -5 339
-4143 -5 694
-5964 -5 489
-1209 -5 731
-2634 -5 80
-297 -5 109
6066 -5 668
3480 -5 727
-7737 -5 884
-7971 -5 805
-7575 -5 662
-3999 -5 751
5331 -5 334
4977 -5 699
1170 -5 388
-8838 -5 60
-3948 -5 687
-564 -5 672
9459 -5 526
-3810 -5 86
-4239 -5 544
8508 -5 550
6462 -5 182
-4398 -5 429
-9801 -5 762
-6867 -5 149
-5232 -5 497
1851 -5 818
-1077 -5 611
-5622 -5 345
1770 -5 174
-4842 -5 293
1512 -5 795
-2694 -5 426
963 -5 628
3756 -5 18
-9843 -5 240
-9276 -5 819
375 -5 752
3582 -5 457
-4971 -5 71
3012 -5 560
693 -5 218
-6732 -5 410
-9243 -5 525
1842 -5 345
-5949 -5 822
6999 -5 849
-117 -5 552
6399 -5 266
-5562 -5 359
-8040 -5 460
-708 -5 629
-888 -5 406
-3963 -5 422
2652 -5 805
-1455 -5 788
1020 -5 739
846 -5 503
1446 -5 467
5427 -5 439
4098 -5 287
9759 -5 837
7578 -5 200
-4710 -5 800
-4284 -5 156
8223 -5 510
9042 -5 881
15 -5 434
4410 -5 328
-7269 -5 736
-4653 -5 653
-3441 -5 598
753 -5 519
-2475 -5 134
-927 -5 215
726 -5 196
-5583 -5 231
6882 -5 401
1374 -5 628
6876 -5 120
-1776 -5 125
-5367 -5 92
-1398 -5 295
2694 -5 176
-6078 -5 338
564 -5 743
8925 -5 534
-7260 -5 729
6678 -5 542
-2256 -5 364
4032 -5 50
-3657 -5 368
-5775 -5 202
7080 -5 396
5688 -5 694
-1323 -5 227
5460 -5 243
3717 -5 612
-6327 -5 191
-864 -5 122
-2292 -5 91
-921 -5 441
-996 -5 777
-2928 -5 658
-879 -5 893
-1623 -5 718
4794 -5 127
6753 -5 109
-9225 -5 816
-8169 -5 195
9429 -5 864
-7062 -5 294
6225 -5 560
3246 -5 774
-8631 -5 644
-2316 -5 466
4557 -5 231
-4791 -5 595
9507 -5 696
7383 -5 343
-6402 -5 845
-7620 -5 111
3840 -5 701
1905 -5 310
8520 -5 602
-1287 -5 38
-6534 -5 895
1626 -5 462
3105 -5 39
1959 -5 232
459 -5 461
-6036 -5 227
6852 -5 639
5184 -5 228
-7845 -5 113
-9708 -5 878
-2577 -5 863
7626 -5 547
-2718 -5 390
2649 -5 691
8373 -5 98
-5697 -5 501
-2307 -5 295
3522 -5 54
8790 -5 565
630 -5 278
-3348 -5 131
9522 -5 452
-5229 -5 867
-9765 -5 670
3978 -5 14
4815 -5 65
87 -5 602
9999 -5 495
-8868 -5 274
3507 -5 540
-3996 -5 752
-3864 -5 775
-2040 -5 740
-9348 -5 83
-1566 -5 693
2325 -5 573
-1239 -5 641
5745 -5 188
4881 -5 206
6354 -5 392
-8187 -5 93
-216 -5 436
2718 -5 236
3054 -5 59
1776 -5 217
774 -5 445
5379 -5 538
-9975 -5 750
-8049 -5 48
-8745 -5 325
-3162 -5 616
-5604 -5 563
9573 -5 523
8178 -5 278
3558 -5 651
-2520 -5 72
7494 -5 136
2607 -5 737
-4356 -5 109
-1167 -5 683
1989 -5 865
-7389 -5 821
-570 -5 893
-174 -5 323
-6963 -5 775
-5427 -5 441
-7935 -5 213
7872 -5 743
-1749 -5 655
2526 -5 851
9306 -5 151
2283 -5 554
-2790 -5 415
-7368 -5 603
-1074 -5 509
-3690 -5 326
-7527 -5 881
7317 -5 686
4368 -5 56
1275 -5 288
3135 -5 313
5598 -5 652
-4401 -5 461
5769 -5 562
-3822 -5 446
-6438 -5 436
7233 -5 165
450 -5 262
-7125 -5 116
6624 -5 536
5943 -5 324
-8184 -5 439
-7932 -5 152
-6546 -5 389
2853 -5 517
-3042 -5 266
4299 -5 775
-4230 -5 298
1656 -5 883
267 -5 728
-5820 -5 144
6513 -5 763
5112 -5 703
3567 -5 434
9720 -5 576
8400 -5 133
-6 -5 424
435 -5 317
9084 -5 47
-1494 -5 446
1641 -5 276
2259 -5 88
-5049 -5 652
9300 -5 568
7227 -5 30
-2643 -5 630
3090 -5 186
-9249 -5 166
-9885 -5 802
4512 -5 799
5238 -5 249
-5079 -5 71
681 -5 628
5712 -5 878
1713 -5 527
5562 -5 390
3792 -5 857
4890 -5 437
8439 -5 206
-5841 -5 287
7281 -5 499
-4452 -5 347
-4047 -5 737
-3030 -5 417
-1446 -5 214
897 -5 274
4980 -5 679
-759 -5 533
-6528 -5 846
-7146 -5 193
-2358 -5 165
5544 -5 761
-2673 -5 37
9714 -5 804
1191 -5 519
-9828 -5 888
-1146 -5 434
-8361 -5 138
6318 -5 644
-396 -5 899
-2517 -5 794
6558 -5 815
-8031 -5 373
-6366 -5 437
6468 -5 841
2577 -5 297
-3408 -5 736
-168 -5 463
-834 -5 685
-3585 -5 878
7479 -5 630
-3117 -5 461
8559 -5 149
1926 -5 503
-2376 -5 766
7620 -5 833
8673 -5 148
-7497 -5 743
9630 -5 827
-6465 -5 840
7722 -5 357
8709 -5 640
-9888 -5 268
1359 -5 696
5301 -5 470
-3336 -5 488
4836 -5 651
-1737 -5 87
261 -5 785
-6318 -5 850
3513 -5 878
3666 -5 760
-3891 -5 179
-9747 -5 479
-1203 -5 208
-8724 -5 608
-4593 -5 260
6075 -5 853
5475 -5 605
-6405 -5 627
9819 -5 527
5133 -5 813
-4359 -5 604
-8703 -5 161
-1395 -5 819
-1104 -5 530
-3027 -5 358
4182 -5 896
8028 -5 760
-1743 -5 805
-4140 -5 640
9843 -5 838
3555 -5 661
7998 -5 470
8832 -5 174
-582 -5 368
-9099 -5 62
1044 -5 855
-9642 -5 579
-5394 -5 301
2847 -5 401
-3003 -5 627
7890 -5 651
3306 -5 187
-603 -5 280
-2865 -5 104
-1005 -5 683
-750 -5 720
2349 -5 781
8754 -5 410
-1440 -5 830
5829 -5 312
-9906 -5 731
-9417 -5 235
1932 -5 629
-4116 -5 270
-6255 -5 205
-5982 -5 508
-4296 -5 654
7914 -5 139
5511 -5 239
5484 -5 532
-6423 -5 49
-2073 -5 37
6060 -5 155
-8577 -5 286
4092 -5 57
-8979 -5 747
-6597 -5 750
8472 -5 688
7743 -5 605
8076 -5 75
7899 -5 174
1977 -5 126
-462 -5 111
7152 -5 671
3489 -5 405
8769 -5 260
3414 -5 363
7305 -5 142
2208 -5 844
-1830 -5 499
-5952 -5 813
-4992 -5 700
4473 -5 602
-780 -5 330
-6354 -5 512
8310 -5 435
-9030 -5 141
-6615 -5 105
-9756 -5 683
-9609 -5 121
7020 -5 220
-6306 -5 894
-7500 -5 506
-489 -5 844
-4740 -5 124
-3324 -5 535
4290 -5 77
3408 -5 730
5433 -5 374
-4641 -5 687
-5769 -5 117
-5928 -5 264
-3126 -5 763
3882 -5 767
3786 -5 223
6006 -5 152
-6231 -5 404
-7011 -5 796
6432 -5 712
6300 -5 332
7977 -5 139
3363 -5 707
-5748 -5 120
7974 -5 126
-783 -5 214
-7653 -5 428
7875 -5 201
5013 -5 646
-3990 -5 532
-240 -5 88
-573 -5 428
1479 -5 734
-6798 -5 453
5775 -5 531
9930 -5 813
8742 -5 156
9489 -5 559
-1638 -5 287
-1299 -5 501
-813 -5 298
6414 -5 858
8277 -5 900
-7140 -5 128
5493 -5 632
135 -5 291
-2550 -5 577
3030 -5 136
-4800 -5 365
9936 -5 177
-5538 -5 827
5616 -5 625
-4647 -5 354
7278 -5 517
-2841 -5 162
-585 -5 108
3687 -5 534
7845 -5 117
27 -5 701
-1275 -5 762
-6222 -5 631
6561 -5 610
-9192 -5 21
8916 -5 753
-8277 -5 713
-7821 -5 544
4530 -5 777
-2289 -5 442
-2799 -5 188
714 -5 166
-4275 -5 99
-4482 -5 83
-4437 -5 438
-6054 -5 432
-6024 -5 711
8727 -5 76
6888 -5 289
-528 -5 741
-1137 -5 871
-9921 -5 718
138 -5 353
-2877 -5 231
-8394 -5 187
570 -5 412
180 -5 836
-42 -5 274
4203 -5 761
-1650 -5 538
6570 -5 93
-3270 -5 513
-4212 -5 231
2739 -5 551
495 -5 641
9852 -5 289
-4956 -5 235
-5637 -5 24
5928 -5 491
6807 -5 775
8721 -5 808
1173 -5 627
3192 -5 748
7155 -5 890
-2901 -5 777
8517 -5 606
2040 -5 466
711 -5 257
6279 -5 724
2646 -5 774
-9867 -5 542
-171 -5 373
2832 -5 116
-672 -5 690
-4863 -5 882
5778 -5 869
-2121 -5 550
2490 -5 689
5517 -5 862
-3723 -5 399
-9135 -5 762
8268 -5 816
-4779 -5 327
-7272 -5 101
-5901 -5 748
9375 -5 126
9030 -5 859
5016 -5 418
4026 -5 328
-1536 -5 353
-6063 -5 706
-8523 -5 112
-7995 -5 605
-4302 -5 715
9072 -5 898
-7947 -5 616
-852 -5 588
-6912 -5 51
-9093 -5 550
5916 -5 396
4116 -5 632
9138 -5 706
7437 -5 712
4818 -5 176
3315 -5 666
9804 -5 55
4206 -5 311
-5019 -5 713
5262 -5 143
2901 -5 487
-4611 -5 771
2286 -5 535
1347 -5 521
7866 -5 285
-1893 -5 425
99 -5 333
-5217 -5 473
-2178 -5 886
2886 -5 607
7422 -5 231
-2925 -5 660
3129 -5 568
3918 -5 890
-4533 -5 441
273 -5 541
-6426 -5 719
-3915 -5 754
1008 -5 627
-4470 -5 671
-6216 -5 687
8184 -5 405
-339 -5 488
3759 -5 580
-2892 -5 75
1203 -5 567
213 -5 737
-9933 -5 208
-9753 -5 85
-720 -5 144
3711 -5 537
7764 -5 244
9177 -5 783
-8280 -5 125
4332 -5 222
-624 -5 427
780 -5 43
-4917 -5 125
-6675 -5 90
2625 -5 707
-246 -5 624
2145 -5 195
-1827 -5 125
4860 -5 729
-4518 -5 693
-9678 -5 456
-774 -5 752
-8904 -5 335
-3498 -5 131
-3576 -5 381
6408 -5 818
3078 -5 468
-3612 -5 651
4008 -5 75
-7488 -5 882
-7959 -5 799
-399 -5 198
-8727 -5 96
-1617 -5 247
-9639 -5 760
1074 -5 320
-7539 -5 466
-5988 -5 723
3636 -5 810
6543 -5 494
-7986 -5 579
4446 -5 404
-2817 -5 37
9243 -5 101
4494 -5 311
-9324 -5 807
-4035 -5 99
-7353 -5 447
1533 -5 568
6885 -5 789
4698 -5 324
5334 -5 527
-8964 -5 332
-3603 -5 593
6576 -5 453
-7020 -5 315
3423 -5 566
-9687 -5 322
-9045 -5 488
-1560 -5 751
-6681 -5 897
9681 -5 680
-3804 -5 245
8334 -5 181
-5358 -5 485
8022 -5 220
-9000 -5 358
-9219 -5 872
3168 -5 533
2154 -5 518
-3378 -5 837
-5802 -5 546
-6099 -5 334
-1026 -5 186
-3558 -5 755
453 -5 54
8859 -5 21
-7920 -5 683
9099 -5 426
1527 -5 260
3441 -5 240
-303 -5 241
-7059 -5 644
3564 -5 496
-4794 -5 600
1746 -5 545
-1158 -5 555
-4521 -5 779
750 -5 472
8298 -5 53
8016 -5 790
-4218 -5 546
4284 -5 304
6417 -5 65
8856 -5 519
9783 -5 166
8418 -5 462
-8379 -5 94
-4716 -5 224
9207 -5 482
3975 -5 551
-9531 -5 654
-8244 -5 202
7122 -5 833
-3234 -5 403
-354 -5 838
9006 -5 31
-1959 -5 417
-3102 -5 285
-4272 -5 369
2205 -5 385
-4017 -5 246
9465 -5 557
8229 -5 392
-9540 -5 368
9165 -5 670
1671 -5 171
2244 -5 532
5613 -5 628
-6081 -5 592
-6021 -5 840
-357 -5 739
-2448 -5 285
-5070 -5 482
-2325 -5 258
7473 -5 459
8445 -5 155
7470 -5 604
-3258 -5 765
-3546 -5 656
-5763 -5 892
8049 -5 592
-9894 -5 781
2469 -5 722
8448 -5 138
729 -5 67
-4050 -5 453
8748 -5 317
5514 -5 79
-9210 -5 585
-1212 -5 600
8706 -5 483
-9474 -5 380
6675 -5 812
8625 -5 27
3816 -5 667
-8658 -5 852
1680 -5 890
6768 -5 550
9015 -5 228
5244 -5 464
3708 -5 319
-7674 -5 505
2055 -5 77
-7941 -5 798
4077 -5 214
3276 -5 582
8397 -5 329
-6954 -5 496
-7407 -5 270
978 -5 537
-324 -5 775
-264 -5 598
3795 -5 226
-5178 -5 334
-2457 -5 689
-2388 -5 743
9711 -5 515
7758 -5 135
-3024 -5 33
4812 -5 57
-9513 -5 188
5148 -5 252
-3882 -5 546
-6957 -5 634
-9546 -5 354
-8709 -5 712
4224 -5 503
-1629 -5 224
-2535 -5 722
-4908 -5 587
-5505 -5 562
5859 -5 560
7002 -5 257
-4872 -5 537
-8067 -5 596
-4191 -5 325
-669 -5 335
2061 -5 247
-7473 -5 767
8838 -5 522
-645 -5 769
4827 -5 427
-4680 -5 16
1590 -5 86
9591 -5 828
1278 -5 143
-3312 -5 610
4104 -5 303
-2943 -5 336
6129 -5 867
2508 -5 134
-7299 -5 297
-2835 -5 805
3270 -5 343
-9552 -5 316
-4881 -5 18
-1401 -5 762
-918 -5 378
1743 -5 688
-4386 -5 143
-291 -5 548
-4698 -5 438
-4005 -5 260
8652 -5 771
5343 -5 506
-195 -5 689
4341 -5 346
8241 -5 150
-4986 -5 684
-8571 -5 615
5436 -5 727
-8766 -5 17
3036 -5 715
3591 -5 896
-2685 -5 532
-639 -5 424
-5832 -5 259
3048 -5 171
-8445 -5 57
2946 -5 49
6498 -5 843
9441 -5 203
-4557 -5 626
9000 -5 641
5742 -5 667
8010 -5 606
-2676 -5 337
-8019 -5 315
-1926 -5 177
8556 -5 586
-8982 -5 735
-4500 -5 669
2637 -5 810
996 -5 175
-8424 -5 584
-1530 -5 662
5895 -5 532
-1506 -5 681
9432 -5 623
8067 -5 107
1104 -5 350
6069 -5 286
1161 -5 749
8730 -5 232
894 -5 533
1734 -5 130
-282 -5 30
2067 -5 869
5181 -5 857
-8316 -5 728
-7323 -5 245
-7014 -5 715
7584 -5 160
-1374 -5 584
-3366 -5 895
7074 -5 875
6360 -5 628
9765 -5 373
-435 -5 861
6042 -5 476
4536 -5 541
519 -5 364
5748 -5 627
-2559 -5 774
8886 -5 204
6309 -5 155
9672 -5 897
9891 -5 572
183 -5 251
-8061 -5 867
1389 -5 674
-5103 -5 664
4263 -5 394
9282 -5 894
-4446 -5 121
6492 -5 754
-261 -5 117
2892 -5 816
-6816 -5 133
-696 -5 359
-5139 -5 556
-1869 -5 174
-6657 -5 214
-4596 -5 341
7611 -5 713
-3543 -5 800
1953 -5 817
3138 -5 698
9903 -5 625
-7905 -5 733
8100 -5 435
-6537 -5 496
1908 -5 329
7689 -5 827
-999 -5 532
9279 -5 870
-945 -5 327
-7545 -5 352
4143 -5 642
-9003 -5 237
8079 -5 323
