1000
-49 -5 1
153 180 3
-37 33 1
221 244 3
219 245 3
238 167 3
-44 22 1
207 249 3
153 181 3
158 228 3
-19 46 1
47 -15 1
165 235 3
109 50 2
136 133 2
18 -46 1
213 248 3
186 248 3
84 147 2
149 95 2
210 151 3
206 249 3
182 153 3
53 117 2
235 234 3
60 69 2
145 78 2
151 212 3
37 -33 1
143 75 2
226 242 3
-43 -24 1
248 212 3
89 148 2
150 200 3
241 227 3
249 201 3
214 152 3
-1 -49 1
39 -30 1
29 -40 1
68 60 2
-28 -40 1
237 233 3
148 110 2
34 36 1
199 150 3
19 46 1
-14 -47 1
-48 -11 1
249 192 3
178 154 3
-23 43 1
215 247 3
63 66 2
248 213 3
239 168 3
105 50 2
116 147 2
85 147 2
49 -8 1
-40 28 1
106 149 2
25 43 1
172 241 3
19 -45 1
-37 -33 1
-17 -47 1
227 158 3
245 219 3
232 237 3
51 112 2
61 68 2
35 -35 1
-12 48 1
20 -45 1
198 249 3
-26 42 1
61 131 2
212 151 3
182 246 3
-20 -45 1
241 228 3
193 150 3
247 216 3
-49 1 1
236 233 3
-4 49 1
-22 -44 1
-49 -8 1
50 101 2
157 174 3
137 66 2
81 53 2
45 19 1
51 88 2
-45 20 1
169 239 3
90 149 2
44 -22 1
155 222 3
249 193 3
150 201 3
-37 32 1
145 119 2
97 50 2
93 149 2
53 80 2
240 229 3
131 138 2
-21 45 1
79 54 2
96 149 2
-49 0 1
249 209 3
21 -45 1
67 137 2
219 246 3
-6 49 1
-48 11 1
-23 -44 1
-47 15 1
147 85 2
167 161 3
149 98 2
32 37 1
58 127 2
128 141 2
82 53 2
72 58 2
152 185 3
239 169 3
142 73 2
32 -37 1
104 50 2
244 177 3
23 -44 1
40 28 1
248 211 3
48 12 1
-47 -16 1
152 183 3
14 47 1
99 50 2
150 202 3
54 120 2
247 215 3
187 248 3
132 138 2
144 78 2
53 81 2
47 16 1
-49 2 1
-49 -2 1
166 162 3
149 101 2
98 50 2
50 107 2
-5 49 1
40 -29 1
-31 -38 1
-19 -46 1
87 148 2
48 -11 1
-1 49 1
56 125 2
157 172 3
219 153 3
45 -21 1
155 221 3
138 132 2
41 -27 1
30 -39 1
231 239 3
60 68 2
8 -49 1
-35 -35 1
46 -18 1
80 146 2
-41 -28 1
153 219 3
76 143 2
91 149 2
66 137 2
-31 -39 1
163 166 3
86 51 2
147 116 2
133 136 2
151 186 3
50 90 2
-7 49 1
26 42 1
143 74 2
121 55 2
-28 -41 1
163 234 3
148 88 2
31 -38 1
70 59 2
54 79 2
135 64 2
-11 48 1
163 233 3
-16 -47 1
224 156 3
157 226 3
246 181 3
162 167 3
27 -41 1
131 139 2
50 100 2
16 47 1
22 44 1
-38 31 1
154 220 3
162 232 3
71 58 2
49 -9 1
-41 28 1
139 69 2
46 17 1
205 150 3
180 245 3
55 122 2
35 -34 1
110 148 2
-30 39 1
73 142 2
12 -48 1
28 -40 1
107 149 2
232 238 3
112 148 2
36 34 1
145 79 2
170 240 3
162 166 3
158 227 3
5 49 1
-24 -43 1
227 241 3
231 161 3
150 192 3
42 26 1
244 176 3
141 127 2
136 134 2
57 74 2
146 81 2
149 97 2
210 248 3
234 236 3
31 38 1
147 114 2
150 203 3
38 31 1
133 63 2
48 10 1
246 180 3
181 246 3
17 -46 1
181 153 3
62 133 2
51 86 2
204 249 3
48 9 1
37 33 1
-12 -48 1
192 249 3
-42 25 1
114 147 2
45 21 1
147 84 2
-16 47 1
183 247 3
56 123 2
-44 -22 1
-36 34 1
55 123 2
143 124 2
200 249 3
245 221 3
98 149 2
50 106 2
-44 21 1
-15 -47 1
-18 46 1
161 167 3
100 50 2
30 39 1
65 63 2
42 -25 1
152 216 3
156 224 3
149 104 2
24 -43 1
-48 -13 1
28 -41 1
149 106 2
-39 31 1
56 75 2
233 237 3
242 173 3
-40 29 1
9 -48 1
50 93 2
245 179 3
56 74 2
86 148 2
148 89 2
232 162 3
231 160 3
-46 -19 1
151 187 3
68 139 2
239 230 3
193 249 3
24 43 1
148 86 2
77 55 2
33 37 1
141 72 2
72 142 2
154 179 3
55 78 2
-48 12 1
68 138 2
17 46 1
23 -43 1
150 207 3
44 22 1
249 190 3
156 223 3
19 -46 1
222 244 3
158 172 3
152 214 3
53 82 2
134 136 2
10 -48 1
244 223 3
243 175 3
130 60 2
224 243 3
246 217 3
99 149 2
-42 26 1
4 -49 1
61 67 2
-48 10 1
236 166 3
177 155 3
242 227 3
132 137 2
71 140 2
59 129 2
-25 42 1
57 126 2
249 205 3
69 139 2
27 41 1
154 178 3
238 168 3
-36 -33 1
126 57 2
-20 45 1
-34 35 1
1 49 1
80 54 2
194 150 3
-40 -29 1
50 108 2
129 59 2
-9 49 1
139 130 2
143 125 2
-49 4 1
40 29 1
149 108 2
-22 44 1
123 56 2
-46 -18 1
-48 -12 1
201 150 3
50 96 2
220 245 3
218 153 3
2 49 1
-44 23 1
174 242 3
-43 25 1
165 236 3
249 208 3
128 140 2
51 111 2
211 151 3
-33 37 1
231 238 3
108 149 2
7 -49 1
49 -4 1
119 54 2
151 211 3
206 150 3
225 157 3
233 162 3
41 28 1
132 62 2
243 225 3
249 206 3
-15 47 1
189 151 3
243 174 3
177 244 3
102 50 2
152 215 3
48 13 1
63 133 2
131 61 2
249 191 3
37 -32 1
-46 19 1
-27 -42 1
180 153 3
223 244 3
2 -49 1
3 -49 1
157 225 3
223 155 3
-32 37 1
15 47 1
-49 3 1
83 147 2
134 63 2
111 51 2
12 48 1
148 87 2
179 154 3
183 152 3
1 -49 1
197 150 3
203 249 3
125 57 2
226 157 3
49 -6 1
137 132 2
35 35 1
44 -23 1
8 49 1
175 243 3
-3 -49 1
-8 49 1
135 65 2
249 207 3
221 245 3
119 146 2
214 247 3
247 185 3
47 -16 1
40 -28 1
133 62 2
113 148 2
-47 16 1
144 76 2
149 100 2
51 89 2
146 119 2
50 92 2
149 94 2
228 241 3
242 174 3
39 -31 1
-23 -43 1
125 56 2
39 30 1
152 184 3
134 135 2
161 232 3
188 248 3
-39 -30 1
171 241 3
47 -17 1
-25 -42 1
249 203 3
150 195 3
38 -32 1
160 169 3
-5 -49 1
190 249 3
204 150 3
3 49 1
74 57 2
25 -43 1
-40 -28 1
247 214 3
172 158 3
43 24 1
-49 6 1
240 228 3
50 94 2
49 3 1
180 246 3
16 -47 1
185 152 3
-7 -49 1
-21 -44 1
144 122 2
153 217 3
113 51 2
-6 -49 1
15 -47 1
57 73 2
149 109 2
220 154 3
-47 -15 1
249 200 3
245 180 3
-47 -14 1
100 149 2
164 164 3
139 131 2
91 50 2
-24 43 1
49 -2 1
6 -49 1
151 188 3
218 246 3
-48 13 1
138 68 2
-21 -45 1
92 149 2
46 -17 1
-17 46 1
54 78 2
140 71 2
84 52 2
228 158 3
150 196 3
-46 17 1
236 165 3
168 161 3
161 168 3
52 116 2
140 128 2
211 248 3
246 182 3
153 182 3
64 135 2
149 92 2
178 245 3
249 196 3
78 54 2
167 238 3
125 143 2
234 235 3
-33 36 1
50 109 2
34 -36 1
-42 -26 1
-3 49 1
123 55 2
39 31 1
49 2 1
-49 5 1
132 61 2
-29 40 1
83 52 2
-34 -36 1
225 156 3
49 6 1
-11 -48 1
149 103 2
249 194 3
144 77 2
120 145 2
47 14 1
176 244 3
242 225 3
156 174 3
111 148 2
81 146 2
-27 41 1
-18 -46 1
249 197 3
127 58 2
41 27 1
246 218 3
34 -35 1
151 210 3
198 150 3
197 249 3
-45 -21 1
60 130 2
-49 8 1
45 -19 1
-42 -25 1
-45 -20 1
209 249 3
-41 -27 1
215 152 3
72 141 2
-48 -10 1
240 170 3
195 249 3
68 61 2
49 -5 1
109 149 2
121 54 2
50 104 2
0 49 1
37 32 1
216 152 3
61 132 2
142 126 2
157 173 3
41 -28 1
136 65 2
126 142 2
51 110 2
101 50 2
124 56 2
249 195 3
46 -19 1
74 143 2
57 125 2
-19 45 1
29 40 1
103 50 2
190 150 3
95 50 2
5 -49 1
143 76 2
173 157 3
227 242 3
188 151 3
64 64 2
54 119 2
150 206 3
-27 -41 1
154 219 3
213 151 3
49 0 1
131 60 2
76 56 2
228 159 3
-46 -17 1
50 103 2
78 144 2
52 85 2
71 141 2
63 134 2
212 248 3
150 191 3
50 95 2
164 234 3
138 67 2
145 120 2
-46 18 1
11 48 1
-9 -49 1
-35 35 1
225 243 3
43 23 1
49 -3 1
49 8 1
200 150 3
-28 41 1
245 220 3
112 51 2
148 111 2
34 35 1
178 155 3
14 -47 1
73 57 2
88 148 2
49 1 1
62 66 2
196 249 3
-23 44 1
225 242 3
223 156 3
59 71 2
-39 -31 1
173 242 3
53 118 2
75 143 2
195 150 3
155 177 3
156 175 3
202 150 3
62 67 2
167 237 3
-31 39 1
67 61 2
209 248 3
201 249 3
49 -1 1
33 -36 1
248 187 3
233 163 3
146 80 2
47 -14 1
-44 -23 1
248 186 3
156 225 3
148 113 2
191 249 3
60 131 2
222 155 3
235 164 3
207 150 3
50 91 2
52 117 2
46 18 1
230 239 3
49 4 1
70 140 2
-33 -37 1
159 170 3
246 219 3
-28 40 1
123 144 2
-32 -37 1
118 146 2
85 52 2
-38 -32 1
90 50 2
208 249 3
20 45 1
249 204 3
170 159 3
150 190 3
-49 -7 1
172 242 3
146 82 2
202 249 3
92 50 2
94 50 2
122 144 2
249 202 3
138 131 2
9 49 1
150 199 3
-26 -42 1
164 165 3
49 5 1
133 137 2
89 51 2
240 171 3
127 141 2
142 74 2
4 49 1
187 151 3
22 -44 1
50 97 2
105 149 2
208 150 3
151 213 3
162 233 3
150 194 3
107 50 2
44 -21 1
36 -34 1
154 180 3
249 199 3
150 193 3
-36 -34 1
52 84 2
42 -26 1
-49 -1 1
248 210 3
117 146 2
191 150 3
171 158 3
50 102 2
10 48 1
52 115 2
65 136 2
94 149 2
90 148 2
241 172 3
196 150 3
129 140 2
194 249 3
217 153 3
122 55 2
38 -31 1
236 234 3
43 -25 1
-13 -48 1
35 34 1
-14 47 1
142 125 2
-49 -3 1
-29 -40 1
48 -13 1
137 133 2
45 -20 1
244 222 3
167 162 3
149 99 2
59 70 2
6 49 1
42 25 1
169 160 3
96 50 2
185 247 3
47 15 1
142 72 2
-17 -46 1
33 36 1
155 223 3
-33 -36 1
-45 -19 1
124 143 2
36 -33 1
-43 24 1
43 25 1
50 98 2
93 50 2
43 -24 1
168 160 3
56 124 2
-34 36 1
-49 -9 1
149 102 2
17 -47 1
237 232 3
237 166 3
-13 48 1
247 184 3
134 64 2
52 114 2
239 231 3
144 123 2
0 -49 1
165 164 3
130 139 2
148 112 2
248 188 3
51 87 2
221 154 3
65 64 2
121 145 2
-45 19 1
23 44 1
161 231 3
-2 -49 1
65 135 2
21 45 1
228 240 3
95 149 2
223 243 3
160 230 3
242 172 3
18 46 1
9 -49 1
80 145 2
184 247 3
82 146 2
-32 -38 1
58 128 2
-38 -31 1
241 171 3
243 223 3
97 149 2
-2 49 1
66 62 2
36 33 1
88 51 2
87 51 2
-19 -45 1
135 134 2
115 52 2
234 163 3
66 136 2
115 147 2
79 145 2
-49 -4 1
163 165 3
-49 7 1
149 91 2
78 55 2
140 70 2
216 247 3
114 52 2
-43 23 1
-43 -23 1
150 204 3
75 56 2
229 159 3
150 209 3
120 54 2
116 52 2
150 205 3
72 57 2
62 132 2
149 107 2
-30 -39 1
175 156 3
50 105 2
149 96 2
155 178 3
26 -42 1
-10 48 1
25 42 1
150 208 3
140 129 2
229 240 3
166 163 3
-49 9 1
-34 -35 1
104 149 2
151 189 3
145 121 2
166 237 3
52 83 2
144 121 2
-43 -25 1
102 149 2
205 249 3
168 238 3
78 145 2
56 76 2
49 -7 1
-4 -49 1
32 -38 1
158 171 3
-10 -48 1
219 154 3
176 155 3
19 45 1
209 150 3
237 167 3
67 138 2
-38 32 1
55 121 2
69 60 2
-36 33 1
147 83 2
13 -48 1
146 118 2
242 226 3
156 176 3
45 20 1
118 53 2
-35 -34 1
184 152 3
145 80 2
243 224 3
141 71 2
174 156 3
-49 -6 1
49 9 1
150 198 3
-41 27 1
117 53 2
186 151 3
238 232 3
159 229 3
128 59 2
103 149 2
48 -12 1
76 55 2
31 39 1
-45 21 1
55 77 2
108 50 2
119 53 2
150 197 3
74 56 2
-32 38 1
141 128 2
233 236 3
-8 -49 1
176 156 3
147 115 2
32 38 1
76 144 2
245 178 3
28 41 1
119 145 2
50 99 2
192 150 3
176 243 3
164 235 3
48 11 1
54 121 2
154 221 3
51 113 2
-25 -43 1
249 198 3
199 249 3
247 183 3
238 231 3
149 93 2
136 66 2
-39 30 1
139 68 2
