1000
1099 -986 1
1064 -923 1
900 -990 1
1017 -901 1
-15 -34 2
-193 54 2
-173 88 2
-176 -44 2
1053 -915 1
1005 -900 1
900 -1010 1
932 -926 1
900 -987 1
-184 73 2
903 -972 1
-199 29 2
-26 -48 2
900 -1003 1
937 -1077 1
1003 -1099 1
0 9 2
-190 -22 2
-89 119 2
1099 -991 1
965 -1093 1
901 -1018 1
-169 91 2
912 -952 1
1095 -1029 1
-198 39 2
-60 -72 2
-4 49 2
-161 99 2
1019 -901 1
900 -989 1
1099 -996 1
-70 -75 2
920 -939 1
-11 -25 2
-47 -64 2
1087 -1048 1
-104 -79 2
-92 -79 2
947 -1085 1
-3 -7 2
-11 65 2
1007 -1099 1
-78 117 2
902 -1022 1
-199 6 2
1038 -907 1
-157 -61 2
1019 -1097 1
1099 -1007 1
937 -1078 1
-22 83 2
936 -1076 1
917 -1057 1
1043 -1090 1
-9 -22 2
1015 -1098 1
-186 -29 2
-4 48 2
-3 -6 2
911 -1047 1
1083 -1054 1
-63 113 2
-102 -79 2
981 -1098 1
1099 -1004 1
919 -941 1
1096 -1026 1
1018 -901 1
-134 113 2
-184 -33 2
0 22 2
900 -1006 1
-80 118 2
1098 -981 1
1043 -909 1
1081 -1058 1
-5 51 2
1006 -900 1
1099 -1012 1
-189 63 2
1019 -1098 1
-3 44 2
909 -958 1
-195 50 2
-101 -79 2
-110 -79 2
-1 34 2
-166 94 2
-174 -46 2
-7 -18 2
1070 -928 1
902 -975 1
1089 -1045 1
1044 -1089 1
-32 93 2
-98 -79 2
1078 -1062 1
-61 -72 2
-167 93 2
905 -1032 1
1039 -908 1
902 -976 1
972 -1096 1
1096 -1027 1
-58 111 2
-14 71 2
-99 -79 2
-199 33 2
-9 62 2
-35 -55 2
-143 -69 2
-131 114 2
-55 109 2
1042 -1090 1
-170 -51 2
965 -906 1
907 -963 1
1013 -1099 1
-103 -79 2
-68 114 2
-33 94 2
1044 -910 1
953 -1088 1
912 -1049 1
975 -1096 1
1099 -1003 1
-166 95 2
1052 -1085 1
900 -991 1
1030 -904 1
-180 78 2
-199 27 2
-197 0 2
-141 -70 2
942 -1081 1
1032 -1094 1
-75 -77 2
-2 41 2
-39 99 2
-193 56 2
1010 -900 1
-157 102 2
1067 -1073 1
941 -919 1
1035 -906 1
974 -903 1
-196 47 2
-131 -74 2
962 -907 1
1065 -1075 1
-147 -67 2
-186 -30 2
-196 -6 2
-2 -2 2
959 -908 1
-130 -75 2
-30 -51 2
952 -911 1
-34 95 2
-60 111 2
1095 -1030 1
1099 -1014 1
-180 79 2
1062 -921 1
1029 -1095 1
942 -1082 1
973 -903 1
-71 115 2
-94 119 2
-113 119 2
-197 40 2
-104 119 2
901 -982 1
1031 -1095 1
-164 96 2
-8 61 2
986 -900 1
-175 -45 2
-74 -76 2
1018 -1098 1
1028 -1095 1
1094 -966 1
1071 -1069 1
-196 44 2
941 -1080 1
-154 103 2
906 -1035 1
981 -901 1
935 -923 1
1057 -1082 1
-199 16 2
-60 112 2
-172 88 2
954 -1088 1
-194 52 2
-143 109 2
912 -1047 1
963 -907 1
-56 -69 2
902 -1021 1
-40 100 2
942 -918 1
1046 -1088 1
-56 -70 2
928 -929 1
-52 108 2
1009 -900 1
-156 -62 2
1073 -1068 1
908 -1039 1
-141 110 2
-178 -41 2
1006 -1099 1
-195 -10 2
-181 78 2
-108 119 2
999 -900 1
1049 -913 1
943 -917 1
1020 -902 1
-18 78 2
911 -954 1
-5 -13 2
-73 116 2
-161 98 2
900 -994 1
1062 -922 1
-12 -28 2
1077 -1062 1
900 -1008 1
980 -901 1
941 -918 1
911 -1046 1
-35 -56 2
-21 -41 2
1050 -913 1
1057 -1081 1
-1 35 2
-10 -23 2
-9 61 2
1096 -1025 1
950 -912 1
977 -902 1
-67 -74 2
957 -1090 1
-181 -38 2
-199 30 2
957 -909 1
-195 -8 2
910 -956 1
920 -1060 1
1027 -1096 1
901 -981 1
931 -1072 1
1092 -1037 1
900 -995 1
-143 -70 2
-152 105 2
1073 -932 1
1093 -964 1
-199 12 2
1097 -976 1
-145 -68 2
971 -1095 1
-77 -77 2
1061 -1078 1
1086 -949 1
-185 72 2
0 11 2
1088 -954 1
943 -1082 1
917 -942 1
-54 -68 2
-108 -79 2
-5 -11 2
-112 -79 2
-119 118 2
-198 36 2
918 -1058 1
-105 119 2
-40 -60 2
1099 -987 1
-13 -29 2
-169 -51 2
1083 -1055 1
1058 -1081 1
1099 -995 1
-99 119 2
929 -1070 1
930 -1071 1
-194 53 2
1072 -1069 1
-162 -58 2
1089 -954 1
-45 103 2
1049 -1087 1
-21 81 2
934 -1075 1
1062 -1077 1
1074 -1066 1
-31 93 2
0 27 2
-85 118 2
-192 56 2
1066 -924 1
-157 101 2
-142 -70 2
979 -1097 1
-12 69 2
-154 -64 2
-135 -73 2
-109 -79 2
1016 -1098 1
1091 -960 1
-1 4 2
907 -962 1
992 -1099 1
-70 115 2
900 -1012 1
-163 97 2
-56 110 2
-133 114 2
-139 -71 2
-31 92 2
-48 -65 2
-193 -16 2
-1 3 2
1021 -1097 1
901 -1014 1
1071 -930 1
-199 10 2
910 -955 1
-7 59 2
-3 45 2
-1 0 2
0 25 2
0 20 2
-135 113 2
1078 -938 1
-183 75 2
-10 63 2
1024 -903 1
-34 -55 2
-85 -78 2
970 -1095 1
930 -928 1
-194 51 2
-7 -17 2
-197 -4 2
934 -924 1
-159 100 2
1070 -1070 1
1095 -1028 1
1086 -950 1
-105 -79 2
1092 -1039 1
962 -1092 1
-17 -36 2
-192 -17 2
955 -910 1
-8 -19 2
906 -965 1
-35 96 2
937 -921 1
-84 118 2
-143 110 2
952 -912 1
-10 -24 2
-1 2 2
-86 -79 2
927 -931 1
905 -1033 1
-181 -37 2
-190 61 2
-83 -78 2
-74 116 2
-52 -67 2
916 -945 1
995 -1099 1
-149 107 2
-120 -77 2
1082 -943 1
905 -966 1
1041 -1090 1
1055 -1083 1
-41 100 2
-101 119 2
-20 -40 2
-199 17 2
-150 106 2
1098 -1014 1
-179 80 2
-165 95 2
-33 -54 2
-114 -78 2
1035 -1093 1
908 -1040 1
-3 47 2
-1 1 2
-91 119 2
901 -980 1
918 -942 1
1098 -983 1
1078 -937 1
-187 -28 2
-95 -79 2
1091 -958 1
1039 -1091 1
901 -985 1
-115 118 2
-57 110 2
990 -900 1
1085 -948 1
1042 -909 1
-89 -79 2
-182 76 2
-156 102 2
959 -1091 1
-38 98 2
1099 -993 1
1004 -1099 1
-137 -72 2
-26 -47 2
1097 -980 1
954 -911 1
-68 -75 2
-4 -8 2
-185 71 2
-177 -42 2
995 -900 1
1069 -928 1
1081 -1057 1
1011 -1099 1
914 -1051 1
-1 38 2
-26 87 2
-121 -77 2
975 -903 1
-28 89 2
1094 -1031 1
-49 106 2
-188 66 2
1009 -1099 1
-147 108 2
932 -925 1
-196 -5 2
1007 -900 1
-172 89 2
-198 3 2
958 -909 1
-75 -76 2
-81 -78 2
1045 -1089 1
914 -1052 1
1075 -1065 1
1011 -900 1
-66 114 2
913 -949 1
-25 -46 2
1096 -973 1
1073 -931 1
976 -1097 1
-174 87 2
-139 111 2
-7 56 2
-136 113 2
952 -1087 1
1012 -1099 1
1023 -902 1
-121 117 2
1099 -1006 1
-8 59 2
1094 -1032 1
1083 -945 1
0 13 2
-191 -21 2
1073 -1067 1
-4 51 2
954 -1089 1
986 -1099 1
-50 -66 2
-179 -40 2
1097 -979 1
-177 -43 2
1004 -900 1
901 -983 1
-158 100 2
1077 -936 1
909 -957 1
-28 -50 2
-199 21 2
1047 -1088 1
955 -1089 1
-4 -9 2
1099 -999 1
985 -901 1
-137 112 2
-46 104 2
-60 -71 2
-159 -60 2
1033 -905 1
905 -967 1
1034 -1093 1
987 -1099 1
-118 -78 2
1060 -920 1
-189 -24 2
-192 -18 2
-15 73 2
-148 107 2
973 -1096 1
967 -1094 1
-100 -79 2
903 -975 1
-10 -25 2
1040 -908 1
910 -1044 1
915 -947 1
941 -1081 1
-136 -73 2
1076 -1064 1
-47 104 2
1093 -1035 1
-119 -78 2
908 -958 1
904 -1029 1
1014 -1098 1
0 33 2
968 -905 1
-198 35 2
-110 119 2
-77 117 2
-117 118 2
1098 -1018 1
902 -978 1
965 -1094 1
-16 75 2
991 -1099 1
-197 42 2
-8 60 2
-50 107 2
1085 -1051 1
-189 -23 2
-144 -69 2
-198 1 2
1029 -904 1
976 -902 1
905 -968 1
-195 49 2
-59 -71 2
927 -1068 1
-36 97 2
-117 -78 2
-64 113 2
1061 -921 1
1076 -936 1
-183 74 2
1090 -1042 1
954 -910 1
-187 69 2
1028 -904 1
963 -1092 1
966 -905 1
994 -1099 1
-43 102 2
-51 107 2
1094 -967 1
1037 -907 1
907 -1039 1
1093 -1034 1
-37 -58 2
-82 -78 2
907 -1037 1
-114 118 2
-177 83 2
1079 -1060 1
1085 -947 1
904 -969 1
-32 -54 2
979 -902 1
-79 -77 2
-199 22 2
1058 -919 1
-2 42 2
-19 -39 2
-41 101 2
1082 -1056 1
1034 -906 1
-69 115 2
902 -1023 1
-25 86 2
-36 -57 2
1032 -905 1
919 -1059 1
-92 119 2
1025 -1096 1
-129 -75 2
1097 -977 1
904 -1028 1
956 -1089 1
900 -1002 1
1008 -1099 1
983 -901 1
-113 -79 2
-72 -76 2
-199 24 2
956 -909 1
-107 119 2
909 -1042 1
-197 44 2
-20 80 2
-13 -30 2
-91 -79 2
932 -1073 1
-2 0 2
987 -900 1
923 -1064 1
1074 -932 1
-7 58 2
-185 -31 2
933 -925 1
0 28 2
912 -951 1
900 -1009 1
913 -1050 1
-147 -68 2
-134 -73 2
-16 -34 2
903 -1025 1
-42 101 2
-23 -44 2
900 -997 1
993 -900 1
936 -1077 1
947 -914 1
982 -901 1
950 -1086 1
1084 -1053 1
900 -998 1
924 -1066 1
1055 -916 1
-23 84 2
907 -961 1
1094 -1034 1
1061 -1079 1
900 -1001 1
924 -934 1
-191 60 2
-192 57 2
905 -1031 1
-18 -38 2
-199 25 2
-44 103 2
-28 -49 2
902 -1020 1
-198 38 2
958 -908 1
-198 37 2
1091 -959 1
1048 -912 1
-176 83 2
921 -1062 1
0 6 2
-155 -63 2
-37 -57 2
-196 45 2
-82 118 2
-17 77 2
-123 117 2
-124 -76 2
-116 -78 2
-164 -56 2
-3 46 2
1093 -965 1
1034 -1094 1
-154 -63 2
910 -1045 1
-111 119 2
-190 62 2
-18 77 2
960 -1091 1
-132 114 2
-127 116 2
945 -916 1
-21 82 2
908 -1041 1
1017 -1098 1
1079 -1061 1
-130 115 2
-8 -20 2
902 -979 1
1037 -1092 1
1053 -1084 1
1099 -998 1
-153 104 2
1092 -962 1
922 -937 1
1026 -1096 1
913 -950 1
1080 -940 1
969 -904 1
1089 -955 1
1085 -1052 1
-71 -75 2
-174 86 2
1041 -1091 1
1022 -902 1
-93 119 2
997 -900 1
-199 28 2
-194 -13 2
-179 81 2
-42 -61 2
1089 -1044 1
925 -1067 1
-19 79 2
1095 -968 1
-106 -79 2
915 -1052 1
940 -1080 1
-124 117 2
1091 -1039 1
945 -1084 1
1098 -1016 1
-187 67 2
-46 -64 2
-199 31 2
-102 119 2
974 -1096 1
-2 -3 2
0 12 2
911 -1045 1
-158 101 2
-25 -47 2
1099 -1010 1
-63 -73 2
1099 -1008 1
0 14 2
998 -1099 1
1003 -900 1
-54 108 2
903 -973 1
922 -1063 1
916 -1054 1
1016 -901 1
-160 -59 2
-171 -50 2
1072 -931 1
-58 -71 2
-182 77 2
-128 -75 2
-115 -78 2
-199 20 2
944 -916 1
910 -954 1
1049 -1086 1
960 -908 1
921 -1061 1
1096 -974 1
-191 59 2
969 -1095 1
944 -1083 1
-160 99 2
-66 -74 2
946 -915 1
1054 -1083 1
-188 -25 2
926 -932 1
-31 -52 2
-45 -63 2
911 -952 1
1078 -1061 1
904 -1030 1
917 -943 1
-199 26 2
-119 117 2
-17 76 2
931 -1073 1
-8 -21 2
-168 93 2
1074 -933 1
-193 -14 2
-122 -77 2
928 -1069 1
-16 -35 2
1088 -1046 1
988 -900 1
978 -902 1
1065 -924 1
901 -1015 1
-86 119 2
-152 -65 2
980 -1098 1
1096 -972 1
972 -903 1
918 -1057 1
-195 -11 2
-161 -58 2
1033 -1094 1
-197 -1 2
902 -977 1
-138 112 2
-151 -65 2
-38 -58 2
-38 99 2
922 -1062 1
-3 -5 2
1056 -917 1
-14 -31 2
-44 102 2
-62 112 2
967 -905 1
1087 -952 1
922 -936 1
978 -1097 1
-112 119 2
-199 19 2
1046 -911 1
-187 68 2
1024 -902 1
1012 -900 1
900 -986 1
1075 -934 1
0 15 2
1052 -914 1
-168 -52 2
-129 115 2
0 23 2
-124 116 2
-78 -77 2
1068 -1072 1
-75 116 2
-190 63 2
-22 -42 2
1079 -938 1
-199 9 2
1069 -1071 1
-194 -11 2
900 -993 1
917 -1056 1
-27 89 2
961 -907 1
-193 -15 2
1086 -1050 1
-27 -49 2
-27 88 2
908 -959 1
-68 -74 2
964 -1093 1
0 32 2
-150 -66 2
1099 -990 1
949 -1086 1
-198 4 2
-65 -73 2
-125 -76 2
1083 -944 1
1077 -1063 1
964 -906 1
-170 -50 2
1040 -1091 1
1090 -1043 1
1000 -900 1
948 -914 1
939 -1079 1
-154 104 2
-6 -15 2
1089 -1043 1
921 -937 1
-198 2 2
-153 -64 2
1000 -1099 1
900 -1005 1
-199 32 2
-176 84 2
-24 85 2
933 -1074 1
0 29 2
-109 119 2
-173 -47 2
-116 118 2
-199 14 2
-53 -68 2
-1 5 2
950 -913 1
-2 -1 2
-11 -26 2
999 -1099 1
-76 -77 2
1092 -1038 1
1068 -926 1
1001 -900 1
0 8 2
-189 64 2
-178 -42 2
-148 -67 2
1050 -1086 1
-170 90 2
948 -1085 1
1099 -989 1
1030 -1095 1
997 -1099 1
946 -1084 1
938 -1078 1
-178 82 2
-14 -32 2
-111 -79 2
0 16 2
1093 -963 1
1099 -1011 1
1066 -925 1
-9 63 2
-186 70 2
901 -1016 1
-49 -66 2
1098 -1017 1
996 -1099 1
1095 -970 1
-13 69 2
1091 -1040 1
908 -960 1
-198 0 2
1091 -1041 1
971 -904 1
-38 -59 2
-194 54 2
-173 87 2
-39 -59 2
-168 -53 2
-6 -16 2
915 -946 1
-5 52 2
-18 -37 2
1025 -903 1
1036 -1093 1
1099 -1002 1
-175 85 2
1051 -914 1
-90 119 2
-126 -76 2
-73 -76 2
-12 -27 2
-63 -72 2
-17 -35 2
1090 -956 1
-81 118 2
982 -1098 1
-2 44 2
903 -1027 1
1039 -1092 1
0 24 2
1047 -1087 1
-88 119 2
-184 -32 2
988 -1099 1
1097 -1022 1
1098 -1019 1
927 -930 1
-11 -27 2
-178 81 2
916 -1055 1
-186 69 2
1098 -982 1
900 -999 1
1079 -939 1
-5 53 2
935 -1076 1
983 -1098 1
-22 -43 2
-51 -67 2
-32 -53 2
1045 -1088 1
-30 91 2
1013 -900 1
1064 -1076 1
961 -1092 1
1060 -1079 1
-53 108 2
926 -1067 1
1068 -927 1
915 -1053 1
990 -1099 1
1094 -1033 1
0 21 2
994 -900 1
0 19 2
-133 -74 2
-11 67 2
984 -1098 1
-72 116 2
925 -933 1
901 -1019 1
-114 -79 2
-14 72 2
-163 -57 2
