1000
-479 -9314 100
7726 -9395 100
-1094 -9850 100
7653 -9141 100
-6410 -9186 100
-2609 -9351 100
-7810 -9884 100
-5579 -9918 100
7021 -9830 100
1022 -9468 100
5810 -9437 100
-2661 -9190 100
-1923 -9723 100
-7652 -9205 100
3992 -9481 100
-7848 -9840 100
242 -9306 100
7093 -9128 100
-9110 -9551 100
-8169 -9275 100
8270 -9554 100
-1349 -9260 100
7582 -9979 100
6672 -9340 100
9094 -9912 100
9020 -9294 100
7808 -9156 100
-6041 -9825 100
2357 -9920 100
9409 -9895 100
8481 -9646 100
-2549 -9540 100
9016 -9100 100
-842 -9936 100
-7283 -9043 100
4692 -9085 100
-2429 -9973 100
9175 -9324 100
5646 -9787 100
-7291 -9620 100
-4368 -9382 100
6896 -9511 100
9399 -9367 100
1780 -9849 100
-5600 -9337 100
7737 -9058 100
-4607 -9681 100
8530 -9003 100
6592 -9973 100
-5744 -9283 100
-5972 -9865 100
9251 -9832 100
8750 -9506 100
-9563 -9945 100
-3224 -9436 100
7647 -9014 100
-5012 -9718 100
1971 -9257 100
-7385 -9670 100
8944 -9658 100
1825 -9338 100
-9502 -9301 100
833 -9477 100
-2411 -9982 100
4808 -9785 100
1573 -9598 100
-9691 -9809 100
-5132 -9113 100
7833 -9131 100
2659 -9057 100
-6360 -9668 100
-7895 -9736 100
-2950 -9845 100
-6562 -9338 100
7052 -9422 100
-7771 -9144 100
8725 -9518 100
3665 -9473 100
2054 -9686 100
-3375 -9167 100
-8059 -9148 100
-6233 -9877 100
6381 -9289 100
-7954 -9002 100
-4019 -9386 100
3348 -9741 100
-930 -9937 100
9491 -9603 100
-3479 -9971 100
-2840 -9539 100
9164 -9454 100
162 -9256 100
6755 -9650 100
-936 -9905 100
1425 -9160 100
2612 -9705 100
-342 -9344 100
-5882 -9461 100
-1857 -9673 100
1336 -9732 100
-6387 -9532 100
7614 -9377 100
-7199 -9138 100
-7056 -9491 100
7088 -9093 100
1062 -9705 100
-4721 -9958 100
9165 -9619 100
681 -9577 100
4599 -9093 100
3378 -9141 100
2609 -9521 100
-4506 -9943 100
-7652 -9691 100
-5593 -9645 100
9049 -9786 100
1608 -9968 100
9797 -9709 100
-8018 -9103 100
7032 -9070 100
-994 -9277 100
-9231 -9774 100
-7456 -9933 100
9639 -9460 100
7864 -9868 100
6562 -9605 100
1291 -9052 100
-4903 -9273 100
-1091 -9747 100
-2890 -9789 100
9699 -9645 100
4782 -9142 100
2200 -9511 100
6244 -9986 100
-5196 -9586 100
237 -9040 100
2815 -9668 100
1522 -9992 100
8937 -9041 100
8682 -9901 100
4528 -9411 100
-7336 -9840 100
9273 -9121 100
-2241 -9124 100
1621 -9787 100
6293 -9682 100
-9436 -9672 100
291 -9315 100
-5207 -9811 100
-4070 -9527 100
-9883 -10000 100
-3921 -9234 100
-3833 -9066 100
5080 -9725 100
9962 -9445 100
-5975 -9535 100
-1010 -9117 100
-7558 -9444 100
-1445 -9088 100
-593 -9050 100
4653 -9156 100
4785 -9015 100
-5396 -9061 100
269 -9049 100
-6845 -9197 100
3164 -9410 100
6177 -9199 100
2169 -9845 100
9398 -9333 100
7171 -9475 100
118 -9331 100
-1434 -9265 100
-646 -9610 100
3974 -9144 100
-1440 -9936 100
-9427 -9747 100
-3472 -9481 100
1352 -9788 100
-1114 -9703 100
8506 -9288 100
5196 -9426 100
7208 -9355 100
2912 -9777 100
-1288 -9680 100
-4698 -9483 100
453 -9417 100
36 -9967 100
6268 -9362 100
7335 -9088 100
-583 -9074 100
9552 -9587 100
5470 -9357 100
-7046 -9590 100
-8393 -9539 100
4148 -9264 100
-7253 -9631 100
-2699 -9507 100
5741 -9013 100
8854 -9184 100
142 -9039 100
-3855 -9001 100
-2703 -9230 100
-4939 -9570 100
-9773 -9142 100
5053 -9391 100
-1658 -9905 100
9708 -9249 100
-6305 -9003 100
-6796 -9692 100
-4202 -9983 100
6651 -9729 100
-3209 -9105 100
8546 -9333 100
-3003 -9865 100
-2185 -9370 100
2957 -9147 100
3753 -9659 100
-4034 -9789 100
-5799 -9476 100
-1145 -9891 100
6760 -9335 100
-1484 -9314 100
-5030 -9793 100
9535 -9819 100
-7533 -9326 100
-2835 -9918 100
3862 -9850 100
-3359 -9082 100
-8351 -9392 100
-7253 -9395 100
442 -9424 100
-1708 -9244 100
1905 -9480 100
4713 -9702 100
-634 -9352 100
8055 -9015 100
522 -9588 100
6646 -9455 100
-7421 -9015 100
-6227 -9191 100
5336 -9035 100
6947 -9794 100
165 -9108 100
-6106 -9203 100
-6418 -9078 100
2066 -9803 100
-3415 -9584 100
-8375 -9681 100
-1837 -9371 100
8943 -9872 100
6182 -9724 100
2738 -9256 100
-2439 -9002 100
-8366 -9743 100
-7393 -9946 100
8335 -9377 100
-7736 -9797 100
-9418 -9190 100
-2645 -9315 100
4077 -9646 100
824 -9896 100
-6447 -9035 100
-2653 -9557 100
-9536 -9785 100
-6823 -9825 100
3453 -9341 100
-5433 -9249 100
1054 -9091 100
-3835 -9504 100
-9247 -9732 100
-4893 -9932 100
-6557 -9010 100
5172 -9269 100
489 -9584 100
1638 -9831 100
-1220 -9296 100
544 -9793 100
3503 -9966 100
-9595 -9259 100
-3608 -9445 100
-1666 -9337 100
3936 -9428 100
-1977 -9999 100
8543 -9987 100
-9333 -9627 100
-3345 -9906 100
7158 -9732 100
1923 -9202 100
-1338 -9501 100
2675 -9811 100
-3610 -9498 100
9005 -9487 100
6024 -9015 100
2779 -9751 100
9685 -9927 100
-2280 -9003 100
1155 -9734 100
7868 -9133 100
8460 -9910 100
9721 -9395 100
7576 -9921 100
-8488 -9055 100
-277 -9879 100
-5909 -9991 100
-8177 -9292 100
-6625 -9633 100
9437 -9187 100
-7490 -9055 100
-1756 -9961 100
1677 -9411 100
7228 -9760 100
-3178 -9672 100
2605 -9766 100
-8457 -9034 100
-1797 -9924 100
1459 -9955 100
-7108 -9874 100
3470 -9744 100
4489 -9161 100
-7142 -9315 100
-2848 -9238 100
-8104 -9984 100
4848 -9898 100
2651 -9805 100
3307 -9129 100
-4727 -9576 100
2362 -9305 100
1440 -9832 100
6204 -9845 100
4639 -9734 100
1585 -9141 100
9432 -9776 100
1332 -9886 100
8339 -9942 100
4457 -10000 100
2890 -9002 100
1833 -9843 100
-5850 -9835 100
9625 -9963 100
8264 -9939 100
-702 -9639 100
8726 -9037 100
1531 -10000 100
-8273 -9209 100
-7156 -9312 100
163 -9276 100
-5063 -9036 100
8234 -9739 100
-2274 -9148 100
1132 -9662 100
7350 -9005 100
-3135 -9631 100
727 -9962 100
-8018 -9546 100
-1433 -9091 100
-1410 -9514 100
-1728 -9721 100
5787 -9916 100
-4937 -9070 100
1478 -9648 100
-2980 -9602 100
643 -9711 100
-4104 -9522 100
5101 -9940 100
-2865 -9920 100
7091 -9451 100
-6062 -9221 100
7187 -10000 100
1972 -9794 100
6977 -9401 100
4206 -9777 100
-483 -9955 100
7729 -9897 100
-7473 -9702 100
3858 -9184 100
-6427 -9905 100
-1460 -9906 100
-4602 -9330 100
5083 -9974 100
6776 -9215 100
-627 -9752 100
-5329 -9144 100
9320 -9107 100
-8232 -9743 100
-6031 -9978 100
7979 -9081 100
-4345 -9631 100
6551 -9433 100
-6859 -9518 100
2749 -9351 100
1734 -9205 100
-9057 -9220 100
-2131 -9721 100
-9702 -9633 100
2174 -9623 100
652 -9508 100
-6906 -9452 100
-5329 -9845 100
-2990 -9095 100
-4491 -9065 100
8095 -9477 100
-2645 -9597 100
3862 -9798 100
-4966 -9486 100
3032 -9408 100
-6145 -9897 100
5013 -9942 100
-7085 -9265 100
4171 -9396 100
5295 -9575 100
-1911 -9574 100
-9869 -9109 100
3365 -9073 100
7389 -9872 100
-4690 -9576 100
-5796 -9285 100
-8054 -9074 100
5368 -9030 100
6344 -9686 100
9203 -9739 100
-3701 -9986 100
-7816 -9307 100
-2495 -9543 100
7454 -9297 100
-4324 -9161 100
-5694 -9350 100
4953 -9204 100
1631 -9594 100
316 -9029 100
-7769 -9051 100
-5416 -9935 100
8042 -9351 100
6551 -9802 100
-6595 -9374 100
-5540 -9207 100
8991 -9726 100
-4761 -9254 100
-5241 -9760 100
-9974 -9706 100
-8635 -9219 100
7933 -9181 100
-4372 -9702 100
-1626 -9640 100
2754 -9390 100
8623 -9835 100
9568 -9956 100
6297 -9671 100
3294 -9045 100
-1297 -9257 100
2061 -9554 100
4608 -9875 100
9819 -9239 100
5274 -9136 100
-2791 -9392 100
-7624 -9911 100
-5387 -9187 100
-6478 -9536 100
2552 -9166 100
9751 -9703 100
3031 -9728 100
-4656 -9182 100
-8916 -9123 100
-2039 -9266 100
-8037 -9824 100
862 -9929 100
-1677 -9949 100
-2496 -9463 100
-1495 -9998 100
1992 -9268 100
-6244 -9988 100
-6732 -9493 100
7535 -9148 100
1243 -9343 100
4108 -9091 100
3097 -9144 100
-3777 -9946 100
9757 -9370 100
8782 -9306 100
6583 -9647 100
2227 -9588 100
3784 -9438 100
-8473 -9726 100
2612 -9016 100
4783 -9236 100
-4516 -9993 100
-8380 -9339 100
6826 -9241 100
-2213 -9493 100
-1661 -9528 100
7799 -9472 100
-1805 -9369 100
4122 -9663 100
1206 -9715 100
4471 -9878 100
8966 -9421 100
-2499 -9375 100
2813 -9232 100
-3624 -9779 100
975 -9380 100
2198 -9789 100
-5933 9987 101
5457 9571 101
-8657 9786 101
6320 9289 101
2120 9167 101
-7215 9242 101
2985 9775 101
2893 9054 101
7442 9481 101
-6457 9433 101
-7581 9235 101
1750 9653 101
-4862 9815 101
4640 9338 101
-8654 9980 101
-5940 9712 101
-9354 9712 101
1316 9812 101
5423 9757 101
-7126 9856 101
-9681 9423 101
4794 9267 101
-760 9266 101
-9218 9793 101
-3350 9155 101
-7809 9148 101
9501 9532 101
3676 9756 101
-6609 9418 101
-5689 9294 101
-2931 9280 101
-6785 9650 101
3529 9424 101
4169 9967 101
-6822 9079 101
9990 9332 101
9417 9966 101
6087 9251 101
1340 9719 101
7369 9543 101
6720 9700 101
7901 9919 101
856 9084 101
702 9393 101
-8581 9562 101
-5618 9113 101
9600 9657 101
8622 9117 101
-9562 9760 101
-4927 9629 101
8609 9050 101
6889 9306 101
2201 9987 101
7914 9099 101
3665 9197 101
2856 9972 101
2215 9065 101
-7209 9446 101
4962 9102 101
-1459 9181 101
-63 9750 101
-5714 9584 101
-9737 9694 101
-4059 9456 101
3781 9470 101
3656 9771 101
-1173 9676 101
-6447 9263 101
9181 9173 101
6892 9662 101
4163 9849 101
-2358 9196 101
6543 9335 101
-1546 9385 101
-978 9682 101
-4466 9809 101
1890 9005 101
-8954 9570 101
2351 9828 101
-5453 9040 101
4450 9063 101
2431 9608 101
-3405 9221 101
-366 9373 101
-1302 9713 101
-9021 9799 101
229 9978 101
-1335 9818 101
-9737 9770 101
8925 9931 101
-6916 9103 101
-2077 9902 101
-470 9397 101
-6372 9113 101
-3102 9843 101
-9796 9900 101
-4180 10000 101
5021 9630 101
4816 9311 101
-1272 9904 101
393 9599 101
7912 9356 101
-8162 9213 101
-742 9792 101
1397 9652 101
6298 9033 101
-8851 9754 101
2515 9931 101
4046 9037 101
-9361 9231 101
-2758 9346 101
-1489 9754 101
4859 9918 101
4056 9432 101
2146 9453 101
-4652 9333 101
3972 9900 101
-4770 9904 101
6674 9549 101
-4059 9372 101
4556 9875 101
-8895 9989 101
4632 9811 101
6670 9319 101
8482 9395 101
9729 9376 101
1310 9740 101
5878 9993 101
-2650 9198 101
-3684 9273 101
1076 9327 101
3517 9503 101
-423 9680 101
-4908 9076 101
265 9634 101
6686 9207 101
-5667 9997 101
3705 9740 101
-3152 9358 101
4939 9711 101
7357 9725 101
168 9440 101
5229 9292 101
-9751 9388 101
-2163 9745 101
-9486 9984 101
-9140 9807 101
-3101 9753 101
233 9473 101
-7893 9792 101
9627 9634 101
6442 9014 101
-1719 9665 101
8944 9550 101
4983 9674 101
-2056 9265 101
-5505 9640 101
-4773 9643 101
3237 9373 101
2491 9559 101
-2164 9382 101
-209 9630 101
2400 9957 101
826 9349 101
7228 9461 101
6866 9997 101
-3580 9362 101
-4284 9611 101
-7381 9865 101
1938 9752 101
-8717 9837 101
5674 9457 101
4732 9870 101
-1811 9067 101
6495 9153 101
2065 9392 101
3550 9493 101
-6106 9600 101
-3452 9588 101
-5917 9738 101
9522 9576 101
-2248 9941 101
-2181 9211 101
-3938 9310 101
-403 9073 101
7229 9536 101
-6805 9039 101
-966 9672 101
1443 9623 101
4587 9711 101
-1633 9489 101
735 9532 101
-1181 9158 101
8399 9867 101
2662 9727 101
1375 9222 101
9152 9618 101
9675 9900 101
8054 9370 101
-7232 9233 101
4280 9421 101
-3865 9017 101
-2116 9087 101
-5598 9515 101
565 9655 101
-5576 9554 101
3312 9744 101
-950 9692 101
-110 9042 101
8538 9013 101
-619 9380 101
2718 9285 101
7729 9297 101
6610 9154 101
4648 9232 101
1947 9927 101
-1736 9419 101
-3492 9218 101
-540 9179 101
4742 9029 101
8121 9991 101
3441 9382 101
-8981 9175 101
-9740 9924 101
-4885 9336 101
6126 9803 101
9254 9082 101
1929 9127 101
9997 9556 101
-1776 9200 101
-9968 9196 101
-7769 9307 101
-35 9495 101
-5752 9840 101
-4292 9356 101
8233 9168 101
-5426 9510 101
-4371 9396 101
-2976 9109 101
-9518 9229 101
3420 9202 101
1237 9686 101
-543 9659 101
8865 9185 101
-6052 9452 101
8785 9980 101
-7085 9289 101
-9956 9231 101
8899 9941 101
-3234 9122 101
-7853 9447 101
529 9798 101
-9023 9521 101
8981 9587 101
862 9804 101
4349 9863 101
1614 9519 101
1663 9155 101
5789 9264 101
1834 9034 101
-3626 9283 101
-6738 9808 101
7246 9964 101
-1617 9062 101
9201 9104 101
-9634 9588 101
7946 9807 101
3035 9266 101
6297 9728 101
7409 9563 101
-7575 9378 101
8355 9423 101
3377 9384 101
9070 9973 101
-4871 9097 101
6177 9364 101
4524 9455 101
9577 9941 101
-3195 9431 101
-342 9988 101
-1694 9262 101
8774 9060 101
7765 9500 101
-9425 9239 101
2147 9391 101
-7175 9709 101
6376 9869 101
-2528 9724 101
-571 9638 101
4661 9289 101
-8025 9966 101
-2673 9067 101
-331 9328 101
-8956 9917 101
-2018 9177 101
9858 9554 101
-2270 9690 101
9252 9850 101
-5420 9956 101
-825 9217 101
-7367 9912 101
-2646 9707 101
3303 9968 101
-7697 9383 101
2903 9235 101
5918 9260 101
3300 9048 101
-8802 9092 101
-4961 9026 101
-7404 9638 101
7548 9524 101
-6592 9421 101
2778 9349 101
6729 9807 101
-5343 9612 101
-3358 9746 101
-6959 9132 101
4764 9362 101
-786 9668 101
9817 9112 101
4774 9280 101
2720 9187 101
-8919 9312 101
-3041 9769 101
6490 9787 101
4986 9636 101
-8087 9179 101
-8296 9245 101
-1355 9794 101
6797 9221 101
-2262 9096 101
8469 9415 101
7033 9176 101
-4884 9944 101
8984 9890 101
-5197 9673 101
1725 9723 101
7881 9816 101
3401 9034 101
2084 9643 101
-8945 9791 101
-4739 9572 101
8929 9596 101
-9434 9829 101
-2976 9036 101
-8908 9986 101
1516 9548 101
-5080 9641 101
-8309 9825 101
7769 9943 101
5714 9865 101
9320 9753 101
-9134 9927 101
-6179 9452 101
-4772 9229 101
-8536 9208 101
-9926 9943 101
-1528 9447 101
-1928 9565 101
7198 9057 101
-1820 9727 101
8965 9958 101
-2367 9511 101
6481 9671 101
1217 9301 101
-2162 9149 101
-2313 9458 101
3979 9974 101
4182 9434 101
4312 9548 101
8318 9385 101
5967 9571 101
-9944 9987 101
-8413 9778 101
-2197 9978 101
-3882 9428 101
3810 9785 101
-9304 9747 101
620 9136 101
-6006 9470 101
2051 9227 101
8301 9452 101
5897 9327 101
-9453 9955 101
4381 9322 101
5561 9913 101
8191 9971 101
1547 9321 101
4437 9026 101
-2222 9492 101
-5243 9318 101
-9170 9015 101
5659 9221 101
-7261 9197 101
-9074 9322 101
9744 9777 101
-8862 9989 101
-7621 9059 101
6471 9435 101
-469 9456 101
-4182 9118 101
-4295 9230 101
-4383 9631 101
-8438 9091 101
5677 9067 101
2811 9281 101
8374 9249 101
4654 9484 101
2612 9154 101
7163 9388 101
8863 9066 101
1141 9633 101
2087 9874 101
-2172 9927 101
9701 9052 101
7685 9566 101
-6651 9196 101
-727 9353 101
-4847 9025 101
6294 9513 101
-1198 9534 101
-3572 9140 101
-5239 9613 101
-2641 9892 101
2346 9325 101
-246 9494 101
-7231 9365 101
1734 9080 101
-1709 9318 101
-3661 9164 101
-9097 9289 101
1363 9553 101
-6011 9047 101
-4551 9952 101
3398 9629 101
3083 9987 101
-1307 9802 101
-6293 9765 101
-7781 9710 101
3627 9533 101
-4058 9824 101
-8513 9742 101
1788 9550 101
-9547 9891 101
-861 9732 101
-9001 9431 101
-2790 9913 101
-6228 9989 101
735 9692 101
3053 9449 101
-2809 9777 101
-5452 9109 101
8416 9267 101
9966 9312 101
4287 9323 101
-8110 9080 101
5182 9979 101
-9356 9910 101
-4652 9030 101
9130 9984 101
9609 9364 101
-8520 9571 101
-4563 9790 101
9300 9603 101
7563 9565 101
8428 9637 101
6455 9298 101
-5688 9440 101
2874 9490 101
-6128 9447 101
3420 9554 101
-2004 9008 101
-3516 9637 101
4972 9746 101
-4726 9484 101
-2579 9080 101
7067 9795 101
2103 9363 101
-1754 9669 101
-8820 9715 101
-6480 9985 101
7548 9779 101
-3830 9176 101
787 9865 101
-6593 9489 101
-8933 9324 101
3339 9962 101
-8742 9615 101
4388 9408 101
-7648 9283 101
4892 9631 101
3637 9743 101
-4757 9752 101
2143 9655 101
-1115 9222 101
2676 9106 101
1229 9711 101
-1216 9491 101
-7568 9677 101
403 9549 101
