1000
-65 -173 3
-2 -49 1
-44 -23 1
19 -46 1
-84 -505 7
-98 -604 8
-74 -671 9
-35 -679 9
-58 -496 6
25 -126 2
-84 -858 10
3 -41 2
-94 -522 7
41 -27 1
-47 -226 4
-25 -310 5
-79 -375 5
-73 -279 4
24 -259 4
-72 -281 4
-54 -70 2
-6 -629 8
-34 -588 7
-8 -613 8
-5 -402 5
-1 -418 6
-104 -618 8
-89 -511 7
18 -295 4
-67 -245 4
20 -146 3
22 -148 3
-87 -464 6
-82 -423 6
-17 -661 8
-97 -549 7
-6 -567 7
-83 -424 6
-24 -43 1
-73 -769 9
2 -476 6
-88 -437 6
-85 -471 6
-111 -778 10
-114 -836 10
21 -290 4
-87 -675 9
-27 -220 4
-111 -736 9
-22 -802 10
-78 -674 8
-52 -112 2
-26 42 1
11 -135 2
-112 -780 10
3 -325 5
-95 -853 10
-39 -677 8
-11 -405 5
17 -364 5
-56 -151 3
-38 -409 5
-46 -122 2
-60 -761 10
-90 -763 10
-48 13 1
15 -300 4
-42 -400 6
-23 -591 8
10 -48 1
-65 -171 3
-31 -319 4
28 -55 2
-3 -483 6
25 -275 4
-14 -220 4
-61 -400 5
-107 -845 10
-10 48 1
-8 -404 5
-25 -688 9
6 -468 6
-26 -687 9
-45 -673 9
33 -177 3
-44 -220 3
-17 -229 3
-29 -672 8
-31 -673 8
-72 -670 9
-110 -738 9
-93 -559 7
5 -429 6
-57 -86 2
-53 -146 3
-22 -817 10
-50 -144 3
-85 -573 7
-121 -805 10
-64 -191 3
-111 -840 10
-34 -760 9
-70 -670 9
-21 -319 4
-106 -693 9
-14 -406 5
-14 -712 9
-66 -586 7
-39 -317 4
-82 -858 10
5 -138 2
-111 -779 10
0 -49 1
-26 -753 9
-41 -27 1
-20 -744 9
9 49 1
22 -50 2
39 30 1
-103 -849 10
-87 -764 9
-62 -580 8
-17 -312 5
-39 -499 6
9 -453 6
11 -305 4
-86 -508 7
40 -79 2
0 -554 7
-71 -769 9
-42 -222 3
-43 -54 2
-32 -132 3
-43 25 1
-52 -764 10
-37 -583 8
-94 -854 10
-81 -350 5
1 49 1
-29 -401 6
-98 -852 10
9 -49 1
28 -157 3
-62 -679 8
-81 -672 8
1 -478 6
-42 -499 6
-6 -637 8
-65 -186 3
-82 -587 8
-53 -490 7
2 -396 5
-21 -220 4
-112 -730 9
-41 -677 8
-70 -392 5
-55 -74 2
-34 -409 5
-73 -388 5
1 -548 7
-84 -765 9
-26 -498 6
-14 -716 9
-57 -496 6
-2 -483 6
-19 -697 9
18 -132 2
31 -163 3
-76 -483 6
-56 -580 8
-113 -716 9
-51 -768 9
-67 -585 7
-55 -211 3
-97 -535 7
16 -47 1
-105 -637 8
-33 -841 10
-71 -328 5
-39 -848 10
-26 -228 3
22 44 1
38 -107 2
-121 -813 10
-97 -541 7
-85 -507 7
16 -373 5
12 -135 2
25 43 1
-20 -581 7
2 49 1
-48 -142 3
-12 -574 7
-24 -584 7
30 -39 1
32 -60 2
-116 -786 10
-109 -842 10
-32 -587 7
-18 -138 2
18 -46 1
-92 -595 8
49 -2 1
-37 -221 4
-35 -844 10
23 -149 3
-41 -137 3
-96 -766 10
-64 -398 5
13 -44 2
24 -258 4
-41 -490 7
40 -78 2
-35 -225 3
-16 -40 2
-34 -675 8
7 -308 4
-6 -635 8
28 -124 2
-69 -290 4
-67 -493 7
-98 -656 8
-15 -229 3
-71 -583 7
-64 -406 6
-46 -225 4
29 -57 2
-48 -407 5
-47 -225 4
-49 6 1
-105 -634 8
-34 -132 2
-83 -575 7
-6 -639 8
0 -478 6
-14 -729 9
-121 -810 10
36 -67 2
-60 -202 3
-62 -494 6
7 -433 6
-92 -563 7
-55 -762 10
-26 -310 5
41 -28 1
-59 -670 9
-75 -485 6
-110 -701 9
-15 -319 4
-48 -312 5
-52 -146 3
-103 -613 8
-16 -493 6
0 -526 7
-48 -13 1
14 -140 3
-89 -443 6
-29 -44 2
8 -136 3
-26 -131 3
-23 -797 10
11 -44 2
-47 -490 7
-52 -498 6
38 31 1
-55 -308 4
-12 -575 7
-97 -545 7
-61 -769 9
-17 -701 9
0 -321 5
-46 -679 8
-76 -382 5
45 -20 1
14 -377 5
-65 -172 3
-117 -788 10
9 -452 6
-81 -369 5
-106 -846 10
-105 -631 8
-44 -765 9
10 -305 4
-56 -100 2
-9 -49 1
40 29 1
-20 -41 2
-61 -200 3
33 -175 3
-104 -771 10
-53 -310 4
8 -42 2
-94 -597 8
-25 -497 6
-90 -856 10
-64 -192 3
-55 -316 5
9 -455 6
-110 -702 9
0 -528 7
0 -40 2
-56 -150 3
-43 23 1
17 -298 4
-52 -67 2
-57 -81 2
-89 -451 6
-67 -408 6
-89 -763 9
-33 -842 10
-16 -229 3
-57 -208 3
-29 -836 10
-39 -772 10
-16 -599 8
-64 -169 3
-27 -588 8
-32 -759 9
-27 41 1
19 -214 3
23 -285 4
24 -52 2
-62 -198 3
22 -251 4
-97 -536 7
-70 -287 4
-64 -397 5
13 -135 2
-56 -209 3
-53 -671 9
-88 -762 10
16 47 1
-9 -40 2
25 -269 4
1 -542 7
-50 -216 3
-43 -581 8
-36 -221 4
35 35 1
-91 -565 7
-55 -490 7
-52 -856 10
-55 -402 6
3 -475 6
-18 -740 9
-48 -679 8
-74 -768 9
-23 -137 2
-94 -661 8
-24 -42 2
-87 -762 10
-52 -229 4
-60 -491 7
-67 -581 8
3 -324 5
-51 -401 6
-25 -751 9
-69 -291 4
-89 -440 6
-48 12 1
-42 -137 3
-50 -855 10
-18 46 1
-47 -767 9
-29 -40 1
-105 -773 10
-41 -310 5
41 -99 2
-89 -441 6
-14 -722 9
-32 -220 4
34 36 1
-68 -247 4
-94 -759 9
-65 -580 8
-73 -760 10
-100 -653 8
32 -193 3
-78 -767 9
-69 -249 4
14 -341 5
-72 -487 6
-65 -175 3
41 -98 2
-38 -677 8
-24 -825 10
19 -145 3
-121 -807 10
-63 -300 4
1 -422 6
25 -261 4
29 -123 2
17 -353 5
-25 -829 10
1 -545 7
-63 -163 3
42 25 1
0 -552 7
-20 -311 5
-10 -40 2
-87 -433 6
19 -244 4
-121 -817 10
-13 -139 2
-86 -590 8
30 -162 3
-49 5 1
-48 -853 10
-31 -132 3
-95 -599 8
-57 -88 2
-49 9 1
12 48 1
-11 -490 6
-16 -734 9
-44 -589 7
15 -134 2
-50 -854 10
7 -466 6
-14 -713 9
21 45 1
-74 -385 5
-82 -504 7
-28 -401 6
-60 -679 8
-17 -500 7
-26 -42 1
-83 -588 8
-19 46 1
-93 -679 9
-89 -449 6
-34 -133 3
5 -392 5
13 -237 4
-3 -224 4
-52 -228 4
-96 -550 7
-7 -403 5
-58 -402 5
11 48 1
-24 -750 9
-11 -652 8
-89 -448 6
-65 -322 5
-81 -366 5
-52 -679 8
7 -49 1
-59 -403 6
-53 -109 2
-94 -521 7
-6 -316 4
-62 -760 10
39 -105 2
-13 -603 8
-48 -400 6
-71 -489 6
-37 -773 10
5 -229 4
-53 -404 5
-28 -585 7
-1 -481 6
-54 -212 3
4 -49 1
25 -264 4
-13 -130 3
35 -115 2
1 -531 7
-13 48 1
26 42 1
22 -44 1
-57 -679 8
-70 -391 5
-6 -228 3
-107 -744 9
-71 -254 4
-19 -138 2
20 -293 4
-19 -742 9
-49 -9 1
-4 -401 5
-29 -310 5
-62 -405 6
-33 -220 4
33 -173 3
-48 -226 4
40 -76 2
-7 -617 8
-48 10 1
-30 -400 6
-14 -40 2
-19 -495 6
-23 -691 9
-48 -767 9
-121 -818 10
-10 -608 8
-64 -492 7
-19 -498 7
-76 -675 8
-95 -765 10
15 -238 4
-35 -776 10
-121 -815 10
-52 -589 7
-26 -686 9
-55 -857 10
-25 -752 9
-65 -493 7
-79 -859 10
-102 -752 9
-76 -671 9
-46 -580 8
-69 -769 9
41 -95 2
26 -154 3
41 -93 2
0 -320 5
-71 -284 4
-71 -488 6
-27 -671 8
-82 -475 6
17 -363 5
27 -125 2
-7 -488 6
-26 -789 10
-104 -848 10
10 -136 2
-74 -760 10
-113 -782 10
-85 -589 8
-30 -586 7
-57 -87 2
16 -371 5
-105 -625 8
33 -176 3
-113 -718 9
-78 -672 9
-77 -380 5
-51 -406 5
13 -380 5
-26 -788 10
15 -239 4
-1 -139 2
-96 -659 8
-5 -514 7
-71 -285 4
-3 -517 7
-112 -732 9
-55 -104 2
-63 -398 5
-84 -472 6
-102 -770 10
-49 -672 9
-13 -406 5
37 -111 2
-60 -156 3
-88 -438 6
-39 -582 8
-43 -221 3
-15 -707 9
14 -47 1
-37 -400 6
-18 -739 9
-84 -427 6
-71 -582 8
47 -14 1
-79 -578 7
-54 -589 7
-36 -48 2
5 -134 3
44 22 1
-13 -575 7
-115 -784 10
-73 -260 4
-44 -224 4
-3 -416 6
22 -252 4
-91 -764 10
8 -440 6
-8 -315 5
-16 -407 5
1 -421 6
-110 -841 10
-104 -640 8
-2 -228 3
40 -103 2
-17 -494 6
-102 -611 8
-22 -592 8
-101 -850 10
-41 -222 3
-86 -669 8
-59 -404 6
-8 -509 7
-34 -35 1
7 -464 6
-30 -493 7
6 -431 6
-12 -48 1
41 -92 2
-114 -783 10
-20 -229 3
45 19 1
-83 -674 9
-69 -289 4
-24 -826 10
-80 -348 5
-17 -46 1
-80 -478 6
-53 -498 6
-57 -306 4
-32 -499 6
-45 -499 6
-56 -490 7
-85 -506 7
-64 -166 3
-70 -584 7
-34 -47 2
-65 -188 3
-71 -760 10
-16 -735 9
14 -219 3
-26 -831 10
34 -35 1
-30 -227 3
-47 -672 9
-103 -771 10
-25 -687 9
-70 -495 7
-29 -783 10
-25 -669 8
-13 -407 6
-31 -586 8
-84 -670 8
32 -168 3
-73 -486 6
-38 31 1
-61 -491 7
-60 -580 8
-103 -644 8
-88 -462 6
-50 -227 4
-24 -402 6
-119 -825 10
-49 -490 7
-47 -15 1
-14 -718 9
-118 -828 10
-7 -40 2
-37 -134 3
-32 -674 8
10 -386 5
-90 -593 8
-7 -139 2
23 -253 4
-29 -228 3
-46 -312 5
-63 -320 5
-31 -780 10
-37 -318 4
-55 -106 2
-59 -679 8
-71 -286 4
14 -45 2
-55 -149 3
-49 -62 2
-6 -223 4
-72 -256 4
13 -339 5
-54 -109 2
-16 -703 9
-59 -154 3
-50 -63 2
-105 -629 8
-52 -311 4
-78 -585 8
-36 -318 4
-110 -737 9
-2 -416 6
-11 -408 6
-14 -715 9
-9 -404 5
47 -17 1
-53 -401 6
-101 -769 10
-46 18 1
22 -129 2
-33 -133 2
-38 -589 7
39 -106 2
-42 -54 2
-32 -758 9
-102 -688 9
-111 -703 9
-23 -821 10
-31 -757 9
-53 -110 2
30 -199 3
5 -469 6
-45 -678 8
47 14 1
-7 -317 4
25 -263 4
-49 -679 8
25 -208 3
-46 17 1
-45 -224 4
-52 -580 8
-50 -768 9
-80 -578 7
-40 -409 5
-11 -653 8
-61 -319 5
-39 -222 4
-87 -466 6
18 -296 4
-100 -608 8
-26 -589 8
-46 -58 2
-30 -683 9
40 -29 1
-113 -719 9
-113 -714 9
49 -6 1
9 -458 6
1 -227 4
-19 -319 4
-39 -676 9
-90 -566 7
-79 -673 8
-81 -360 5
21 -212 3
-81 -353 5
30 -58 2
-41 -675 9
-15 -706 9
-14 47 1
-62 -238 4
20 -247 4
-32 37 1
49 -8 1
-22 -310 5
35 -114 2
-64 -321 5
-53 -405 5
-22 -809 10
-33 -759 9
-20 -319 4
-47 -580 8
5 -470 6
-59 -580 8
-19 -408 5
-87 -570 7
6 49 1
-23 -496 7
-53 -147 3
-57 -82 2
0 -132 3
-6 -633 8
-79 -674 8
-1 -521 7
-22 -814 10
-45 20 1
-65 -679 8
34 -116 2
-14 -493 6
-18 -229 3
-68 -678 8
-85 -429 6
-27 -228 3
18 -216 3
-1 -314 4
13 -338 5
32 37 1
10 -385 5
-113 -781 10
-7 -618 8
16 -347 5
-88 -569 7
23 -211 3
-22 -137 2
-58 -317 5
-34 -226 3
-56 -231 4
-42 -316 4
-10 -506 7
-33 -37 1
3 -426 6
-9 -571 7
-64 -859 10
-12 -139 2
26 -153 3
-73 -278 4
-68 -325 5
-73 -263 4
-50 -116 2
-33 36 1
-65 -587 7
-31 -781 10
-14 -717 9
28 -201 3
-2 -224 4
-30 -220 4
-105 -635 8
6 -309 4
-2 -520 7
-99 -684 9
19 -245 4
-30 -45 2
-60 -404 6
0 -555 7
-121 -800 10
32 -37 1
-112 -838 10
-60 -401 5
-91 -563 7
1 -541 7
38 -32 1
18 -143 3
11 -384 5
24 -150 3
-62 -399 5
-90 -677 9
-12 -313 5
-77 -859 10
-25 -229 3
-51 -115 2
-40 -848 10
-2 -315 4
-28 -685 9
-42 -674 9
-16 47 1
-68 -394 5
-57 -94 2
21 -130 2
-62 -197 3
-89 -592 8
-62 -161 3
35 -64 2
-13 -656 8
-75 -498 7
-13 -229 3
-23 -497 6
-66 -395 5
-96 -527 7
-42 26 1
-57 -403 6
-39 -30 1
-17 -700 9
-56 -769 9
-72 -280 4
-38 -499 6
-31 -46 2
-81 -358 5
17 -357 5
-55 -404 5
-42 -769 10
-81 -362 5
-97 -542 7
-11 -505 7
-56 -76 2
-38 -773 10
-14 -502 7
-72 -388 5
-38 -135 3
-1 -559 7
23 -286 4
14 47 1
-105 -623 8
-101 -609 8
5 -49 1
41 27 1
-37 -130 2
-73 -387 5
-34 -400 6
-12 -405 5
20 -214 3
-65 -178 3
-15 -730 9
-12 -229 3
-52 -490 7
-49 -313 5
-43 -674 9
-14 -721 9
-9 -317 4
-36 -409 5
-64 -769 9
-47 -14 1
0 -227 3
-37 -409 5
-23 -798 10
-71 -859 10
-21 -582 7
-60 -235 4
23 -254 4
-28 -310 5
38 -72 2
-91 -664 8
21 -291 4
-20 -130 3
-96 -529 7
-38 -317 4
8 -49 1
-19 -130 3
41 28 1
19 45 1
-99 -604 8
-40 -499 6
-38 -31 1
-18 -662 8
-20 45 1
-39 -490 7
19 -48 2
-81 -367 5
-15 -406 6
27 -204 3
0 -553 7
-94 -662 8
-45 -220 3
-64 -580 8
-53 -70 2
-14 -657 8
-23 -310 5
49 0 1
-81 -357 5
-115 -786 10
-111 -735 9
-92 -517 7
-46 -219 3
20 45 1
-40 -675 9
-59 -402 5
45 20 1
-44 -581 8
39 -30 1
-81 -422 6
-40 -310 5
-45 19 1
-79 -344 5
-70 -252 4
-97 -530 7
-83 -425 6
-77 -483 6
0 -418 6
-43 -125 2
25 -268 4
33 -187 3
24 -281 4
-31 -682 9
-28 -493 7
-23 -43 1
-13 -504 7
-29 -319 4
1 -533 7
-67 -760 10
49 4 1
41 -80 2
-3 -563 7
-120 -797 10
-1 -399 5
-49 -61 2
-30 -837 10
28 -203 3
48 -11 1
-45 -766 9
-82 -576 7
-68 -581 8
-3 -562 7
-17 -737 9
-29 -587 8
11 -221 3
-15 -659 8
36 -112 2
-51 -114 2
-5 -485 6
-24 -319 4
-57 -762 10
-56 -589 7
-85 -858 10
-13 -503 7
-72 -389 5
-97 -682 9
-42 -850 10
-119 -824 10
-81 -364 5
4 49 1
-42 -678 8
-75 -335 5
-14 -723 9
-35 -491 7
-4 -318 5
-39 -771 10
-57 -97 2
-89 -453 6
-85 -428 6
17 -242 4
-111 -702 9
-59 -761 10
-27 -685 9
-121 -803 10
-33 -587 7
