1000
-1855 -8080 1
-2696 -4853 1
-9659 -7055 1
-2278 -6226 1
-6212 919 1
-7644 -6507 1
-222 -1867 1
-8253 5081 1
-6349 -5885 1
-8559 -4172 1
-1258 -4860 1
-8326 5 1
-982 8246 1
-9171 7309 1
-5415 -2703 1
-9142 -1822 1
-3301 -9874 1
-6861 794 1
-3281 81 1
-9434 -2056 1
-9775 -7844 1
-198 -8316 1
-3074 205 1
-8742 -7393 1
-5722 -5194 1
-9107 1583 1
-7795 -7055 1
-7024 9520 1
-1359 -437 1
-3712 4779 1
-9932 -9266 1
-7662 -9724 1
-1927 807 1
-2242 -369 1
-6548 -6649 1
-5923 -535 1
-4542 7077 1
-5085 3537 1
-3904 628 1
-8493 3308 1
-1659 -4711 1
-9922 1666 1
-7383 3388 1
-5713 2386 1
-4411 -5671 1
-98 7143 1
-1561 -7495 1
-5912 3119 1
-3229 -700 1
-3877 -2687 1
-8394 7218 1
-97 9356 1
-3755 -5917 1
-5539 1939 1
-1795 2910 1
-2086 -9930 1
-3999 -2807 1
-2558 8488 1
-5168 974 1
-4171 -5040 1
-8228 -2671 1
-1310 -5676 1
-6638 509 1
-5418 -2015 1
-9211 -1613 1
-8685 -4458 1
-2933 -3355 1
-5067 1170 1
-1092 -3986 1
-5929 6180 1
-4409 -394 1
-6735 2763 1
-2280 9217 1
-9724 9037 1
-3684 -570 1
-5524 -2994 1
-8598 2003 1
-7203 -1974 1
-5383 8012 1
-3035 -13 1
-3467 -5553 1
-121 -8252 1
-213 -1858 1
-5601 -3471 1
-8234 -8735 1
-9475 -1407 1
-5357 -9746 1
-7587 -6808 1
-4428 9451 1
-2609 -3064 1
-9503 -7550 1
-4552 4939 1
-6577 9201 1
-5734 9630 1
-5648 -2796 1
-4631 -6614 1
-1606 -6378 1
-1012 -2958 1
-1451 -9946 1
-3461 -5764 1
-6985 861 1
-658 1021 1
-2110 -6675 1
-9132 6060 1
-7373 -9544 1
-6978 -8267 1
-3303 -3716 1
-8051 -7178 1
-9137 7224 1
-6007 2842 1
-924 -8748 1
-2991 -9461 1
-4546 6873 1
-5741 719 1
-5129 4089 1
-7287 7837 1
-9900 9853 1
-5180 -4524 1
-911 8382 1
-1376 713 1
-855 -2562 1
-5608 -5825 1
-9737 -665 1
-2856 -9611 1
-4182 -916 1
-5508 -3200 1
-8225 -4786 1
-8259 1732 1
-4797 1096 1
-4375 -5258 1
-2236 7541 1
-9745 4643 1
-8467 -653 1
-5241 -3804 1
-9132 2426 1
-6547 4315 1
-7019 -8188 1
-7896 5059 1
-1226 -4376 1
-2586 -6549 1
-6807 7148 1
-9233 1581 1
-3669 8455 1
-3280 -5642 1
-1004 -5964 1
-2780 -7499 1
-7011 -621 1
-2115 2183 1
-7251 1020 1
-227 16 1
-9112 -6857 1
-715 -1336 1
-2291 5473 1
-3402 -908 1
-732 1927 1
-2250 5012 1
-6846 -439 1
-7258 -6829 1
-2874 -4640 1
-7629 8008 1
-2825 -2063 1
-2316 -1310 1
-8348 6694 1
-4847 7895 1
-8021 8394 1
-3536 9867 1
-8505 9932 1
-4657 -7251 1
-8939 -6103 1
-2395 8428 1
-7586 1621 1
-967 76 1
-2063 -802 1
-8895 2072 1
-6312 56 1
-1020 3860 1
-2784 9101 1
-9927 -6702 1
-2905 8287 1
-2535 8491 1
-1438 9927 1
-5085 -9277 1
-6387 9947 1
-7192 -2976 1
-755 4494 1
-3610 -5570 1
-5708 2823 1
-8624 -6786 1
-8805 3852 1
-8152 -23 1
-7583 1198 1
-7119 6950 1
-3383 -8619 1
-2563 -8146 1
-729 6894 1
-6591 974 1
-2594 7412 1
-2696 4260 1
-2986 9189 1
-288 -1418 1
-3884 8919 1
-2765 -771 1
-386 -5925 1
-8064 8582 1
-5932 4907 1
-9768 -1381 1
-8171 -3639 1
-2107 -8608 1
-6925 -3135 1
-8389 7093 1
-8461 5952 1
-1014 7662 1
-3891 -6972 1
-4462 -7556 1
-6295 -4993 1
-8138 -2967 1
-2931 3160 1
-4346 -6618 1
-9945 -9792 1
-6651 -1156 1
-7995 403 1
-6887 -4789 1
-2252 8590 1
-5388 3352 1
-97 3097 1
-214 -5393 1
-3695 8364 1
-7805 5028 1
-9485 8194 1
-6119 7437 1
-4026 2234 1
-9390 -5238 1
-2392 -8879 1
-5788 4076 1
-4616 2962 1
-9898 257 1
-7654 -6529 1
-5735 8028 1
-8356 -587 1
-7721 2715 1
-9891 9873 1
-5482 5923 1
-4719 9175 1
-5434 8977 1
-3263 -7133 1
-94 5465 1
-6181 5316 1
-9054 2106 1
-5504 -3996 1
-9048 1182 1
-4468 4986 1
-1721 -8405 1
-1296 -5268 1
-8155 -1980 1
-9524 7345 1
-6892 -1587 1
-5730 -9544 1
-5445 4785 1
-7516 6472 1
-307 794 1
-7328 8657 1
-108 8132 1
-5725 -5930 1
-1503 -3804 1
-908 2784 1
-4123 6071 1
-3380 -7468 1
-8507 7349 1
-4331 -9457 1
-5631 3482 1
-5133 1983 1
-4942 -3168 1
-7519 8552 1
-8752 -2145 1
-7974 4871 1
-1717 -8369 1
0 -5100 1
-8490 4516 1
-1991 5064 1
-5518 308 1
-4242 -1900 1
-8746 7586 1
-9260 -6919 1
-2756 -5559 1
-5484 4334 1
-3175 -823 1
-798 -198 1
-1858 -1031 1
-4361 2993 1
-6832 364 1
-3544 -8841 1
-9279 5633 1
-7836 -977 1
-654 -1997 1
-1038 -8369 1
-4272 1789 1
-4210 -87 1
-5799 -5267 1
-1535 -1372 1
-3665 -5514 1
-620 -6593 1
-1942 -8877 1
-6366 -2185 1
-157 -2647 1
-7217 -3283 1
-756 -1715 1
-7307 -8639 1
-5082 -4997 1
-7643 3438 1
-7750 9912 1
-2800 -5190 1
-3806 2745 1
-9690 7803 1
-9628 1267 1
-3316 -8464 1
-6151 -7006 1
-8071 -8550 1
-9913 -2354 1
-6579 8575 1
-5335 4900 1
-3449 1828 1
-7364 -6604 1
-5213 -1009 1
-3298 6597 1
-5170 5642 1
-4361 -5790 1
-3774 2772 1
-3445 8583 1
-8574 -6131 1
-1296 5768 1
-8504 -9895 1
-1262 -9862 1
-69 2147 1
-2136 -7444 1
-9434 6121 1
-3226 -2370 1
-8343 -2202 1
-8426 9030 1
-1504 -3076 1
-6490 7409 1
-3522 4936 1
-5256 -8630 1
-1353 9483 1
-5124 764 1
-3354 9192 1
-7881 4848 1
-1670 3392 1
-2424 2145 1
-8215 6010 1
-1994 -4027 1
-8610 5257 1
-5539 3360 1
-8353 8444 1
-4119 2467 1
-2531 -8414 1
-5601 -6672 1
-1891 5882 1
-5396 -8193 1
-565 9259 1
-7244 -1840 1
-193 9501 1
-5705 1082 1
-3410 -9142 1
-8946 8642 1
-8866 2666 1
-6454 -1490 1
-9435 -1813 1
-3604 4131 1
-5188 -938 1
-9584 879 1
-5517 5795 1
-4433 -6978 1
-8951 9055 1
-7596 -6815 1
-918 38 1
-3409 3777 1
-3955 1503 1
-501 1487 1
-2210 2150 1
-4818 8804 1
-7963 8181 1
-53 3055 1
-2603 -8208 1
-3042 180 1
-8953 -9615 1
-3682 9018 1
-5943 1463 1
-5461 -9161 1
-7017 -9411 1
-6178 -5121 1
-8872 -4083 1
-3477 3343 1
-8655 9685 1
-1044 1840 1
-7430 2287 1
-5553 -1958 1
-5101 -230 1
-5751 2124 1
-1400 -2749 1
-465 9864 1
-1442 -3507 1
-1004 -7711 1
-1246 -7294 1
-2082 -8987 1
-5212 -8106 1
-7292 6620 1
-8405 -1017 1
-3659 -5859 1
-4918 -1316 1
-9242 5341 1
-5926 2233 1
-4919 8852 1
-5295 7465 1
-7507 -4248 1
-9658 2922 1
-7009 -1639 1
-3506 5228 1
-2289 6093 1
-6825 -362 1
-1880 -7940 1
-5269 -1650 1
-9348 -2302 1
-7908 6474 1
-9475 7436 1
-6911 6268 1
-1114 -3627 1
-7909 -3462 1
-792 2513 1
-2474 -2061 1
-9407 -82 1
-8975 3815 1
-4893 7075 1
-100 -6500 1
-1365 7970 1
-4703 8539 1
-3584 -1113 1
-8299 -9336 1
-6257 -6865 1
-9576 -4695 1
-4006 -487 1
-9272 -43 1
-1712 4361 1
-1843 -6513 1
-4409 -5427 1
-6546 6192 1
-9313 -8313 1
-3151 8582 1
-4192 3976 1
-7981 7674 1
-7093 1541 1
-4014 -5286 1
-7969 -6950 1
-4740 -708 1
-3051 8369 1
-5322 -5774 1
-1632 4259 1
-6345 2578 1
-1685 -992 1
-3424 5040 1
-1422 -3537 1
-4018 -5363 1
-4254 6729 1
-1542 8886 1
-5747 6082 1
-9862 -237 1
-42 1762 1
-8259 5228 1
-32 -3144 1
-2732 -2769 1
-3983 6134 1
-7337 338 1
-873 4513 1
-6029 8456 1
-4701 -9836 1
-6597 -5694 1
-4321 7588 1
-5238 -968 1
-2841 -7330 1
-908 -8388 1
-2450 -7389 1
-155 -2399 1
-5419 -6333 1
-7191 -8551 1
-8337 3423 1
-9386 666 1
-7953 9955 1
-4601 6386 1
-6397 6524 1
-1451 8024 1
-7565 6328 1
-5505 1838 1
-9377 -2412 1
-3408 -5077 1
-7050 -978 1
-6050 7562 1
-4696 -5745 1
-8854 1645 1
-7410 -5309 1
-5917 -6186 1
-1931 8026 1
6019 5378 2
5818 -1743 2
8466 3622 2
2562 -3644 2
9989 8152 2
3006 8362 2
4266 4334 2
6636 -9892 2
2416 -8204 2
3816 1249 2
6949 2858 2
4803 548 2
4156 -6724 2
3382 -9379 2
7437 -1537 2
5668 -9884 2
2845 -6372 2
2884 313 2
3529 2456 2
6079 707 2
8341 -3289 2
1888 5665 2
3869 3617 2
5471 7437 2
9972 7428 2
1989 -109 2
5442 -2215 2
2791 7618 2
296 -152 2
1557 -6281 2
6719 474 2
5095 1323 2
8266 2945 2
3453 -5219 2
3064 -6469 2
2535 8906 2
7923 -6615 2
5568 293 2
6533 -113 2
2470 6012 2
5651 -1072 2
519 -8421 2
8791 8741 2
1016 -3418 2
5224 9036 2
3626 8282 2
9122 -1833 2
5669 -5291 2
1947 3160 2
3408 -8697 2
4467 2101 2
8945 4282 2
5709 -1260 2
3614 -9415 2
3817 7359 2
696 3235 2
7211 4946 2
2741 -9964 2
1767 -8700 2
256 -7811 2
5670 9836 2
1336 -7155 2
8250 8593 2
8330 -2210 2
4886 -5369 2
282 7322 2
4497 5011 2
6676 9870 2
7687 -9457 2
9300 -4127 2
9740 7014 2
8201 6805 2
7625 -2366 2
2745 3210 2
8255 1520 2
9350 3474 2
3297 7427 2
6813 -7528 2
3258 -9299 2
6714 1754 2
7569 4548 2
987 3912 2
7611 4776 2
9527 4246 2
5597 9885 2
2692 3397 2
4181 -8079 2
9844 9445 2
5318 -7079 2
3400 -3284 2
2112 8536 2
1827 1461 2
4532 -4383 2
2788 -3477 2
5086 -3234 2
7384 -5762 2
7576 5142 2
2358 1877 2
4482 8425 2
8679 -7480 2
1522 -5266 2
2411 9390 2
6767 5250 2
7346 3915 2
164 7233 2
6256 -404 2
9442 -8332 2
9458 9768 2
6317 2256 2
6065 4329 2
9363 7133 2
909 4866 2
2697 -674 2
706 -5585 2
8142 -2459 2
9605 -4210 2
4250 619 2
9662 -9306 2
6223 -3760 2
5933 4104 2
1359 3094 2
9429 -5566 2
6495 5173 2
294 -8748 2
9335 898 2
8288 -3212 2
1796 9541 2
5507 5148 2
5116 -1238 2
2038 -3043 2
7465 -6683 2
2582 -8084 2
898 7492 2
3921 5871 2
6950 -3182 2
1994 6759 2
8062 1124 2
8116 -8200 2
648 -5695 2
1279 6089 2
2860 -681 2
6967 -3073 2
4752 1107 2
6731 -8120 2
9413 7552 2
5138 7177 2
9128 -4937 2
6905 7751 2
9956 6869 2
3144 9523 2
9188 1479 2
6119 -6410 2
7964 -4588 2
6228 -6135 2
2921 4440 2
4050 4823 2
2341 7222 2
5015 7838 2
4915 -6819 2
9971 -8749 2
8465 -8710 2
68 -8504 2
5166 4420 2
5391 1195 2
7041 -5781 2
8631 -8358 2
4570 9185 2
7893 -7887 2
7239 8659 2
323 6669 2
7795 7184 2
6444 -9474 2
247 9554 2
9600 977 2
4035 475 2
8105 2987 2
9552 7603 2
9983 -2878 2
883 -2300 2
4942 -6481 2
8747 -2050 2
8376 -4542 2
5057 1873 2
4999 -521 2
5246 7337 2
8587 6343 2
8861 -8243 2
7751 -2634 2
2401 1218 2
8298 -2403 2
8003 -4525 2
1604 7535 2
3288 4012 2
6610 2028 2
8847 -2199 2
4665 5184 2
3990 -915 2
2306 -6798 2
3213 -2379 2
3333 -4813 2
791 -8122 2
8059 -1456 2
6546 9950 2
7376 -8336 2
6339 -8002 2
3898 -9490 2
2027 -7696 2
3675 -7459 2
4225 8574 2
5115 8143 2
8650 9693 2
2410 -7595 2
5802 -2841 2
7424 -376 2
5016 -518 2
9474 7406 2
3082 -8132 2
9608 9183 2
1683 -7484 2
5734 5606 2
8674 9636 2
4257 -8435 2
1362 -304 2
9944 -4881 2
8979 5280 2
7606 7835 2
1025 -9608 2
8756 -5257 2
6180 9013 2
2901 8746 2
9871 -6699 2
5924 -4030 2
2233 561 2
2890 4119 2
5024 -8508 2
8044 8427 2
2190 -1136 2
969 -7004 2
9415 -4153 2
3106 365 2
4767 -4555 2
8218 1704 2
7134 -6678 2
9105 -5502 2
9967 -4933 2
4549 -5267 2
3319 4061 2
6260 -7743 2
3554 8429 2
7672 8268 2
535 -5819 2
9501 3388 2
323 2130 2
1586 -816 2
5664 -2195 2
9572 6062 2
6299 -7418 2
3678 -6004 2
4884 -151 2
9535 7486 2
6438 -9893 2
8942 8361 2
5136 6218 2
2185 -997 2
2956 9476 2
4211 2817 2
3722 -6498 2
8842 -8818 2
4044 -3434 2
7182 1792 2
4236 -5241 2
482 4197 2
3237 1463 2
8933 -7259 2
3233 1801 2
6686 -5094 2
1613 -8331 2
787 -8818 2
6363 -4466 2
8435 6852 2
5382 -2404 2
4312 402 2
7716 3937 2
1797 -5291 2
9400 8622 2
7721 -81 2
1463 6632 2
3674 -2501 2
2149 -1127 2
92 -7218 2
1070 -2244 2
3565 7510 2
908 -5982 2
4613 -6259 2
7808 -3726 2
2519 1531 2
7918 -6036 2
4237 2650 2
7709 7424 2
8306 1700 2
8445 -804 2
6389 3847 2
7100 4370 2
755 9769 2
9170 -9821 2
1241 8549 2
1000 253 2
2840 7067 2
2544 5482 2
448 4498 2
7553 -1721 2
329 1346 2
1990 5210 2
2903 634 2
2731 4742 2
25 2046 2
5500 8717 2
34 -6417 2
3586 -9190 2
1450 -8862 2
8131 -2678 2
674 5164 2
9431 7462 2
4555 5310 2
8128 -6281 2
3180 2537 2
266 4291 2
9593 -3366 2
527 -5954 2
7724 9812 2
2225 917 2
4795 -2685 2
4369 3789 2
9514 6236 2
3977 -7463 2
3307 -5327 2
5627 28 2
3580 -6511 2
6386 -3349 2
2529 -2231 2
5122 -8047 2
327 5902 2
8323 5011 2
4332 -2006 2
276 9321 2
3879 -240 2
3792 -9893 2
5692 5945 2
5987 -4057 2
6623 7727 2
778 5182 2
2528 -8553 2
904 5553 2
1214 -4688 2
6120 -3043 2
2314 4990 2
4322 -4309 2
4417 8877 2
8806 -8135 2
8720 -7723 2
6319 92 2
4230 9648 2
5421 -4559 2
1202 4374 2
6982 -4820 2
2532 8286 2
5034 -4425 2
513 -4303 2
8036 -7371 2
9141 -9621 2
9081 8229 2
1041 -5737 2
3289 -1534 2
9771 3509 2
6089 -9597 2
9406 7374 2
1922 -2737 2
8373 -6354 2
7121 7789 2
8906 -9299 2
5318 -7750 2
1696 -8857 2
9207 7811 2
3295 9549 2
2050 3718 2
9679 6284 2
6367 8971 2
9247 3148 2
7803 7311 2
6631 5994 2
655 704 2
2992 6151 2
6555 -1765 2
5551 -6221 2
7412 -4421 2
2490 -5422 2
4253 -4338 2
9654 9176 2
6565 5747 2
9761 582 2
6270 3618 2
82 4444 2
669 -2902 2
6689 9865 2
1967 -1351 2
7892 -6262 2
599 -1519 2
7365 7666 2
3198 -4561 2
2414 -5656 2
2676 7001 2
2169 -2882 2
5205 -2915 2
5339 9377 2
246 1278 2
400 -1002 2
8758 -9877 2
6605 -6617 2
1941 -3930 2
8201 5677 2
458 9136 2
1277 3592 2
5247 -1026 2
852 -5935 2
4204 -1091 2
1273 -827 2
8690 7515 2
5251 -8152 2
3142 9883 2
6174 4376 2
7494 -2729 2
9857 4470 2
8875 1983 2
3399 7791 2
5735 -4805 2
7827 8622 2
4017 -7577 2
1214 -7185 2
2985 -2282 2
973 1979 2
5507 -2734 2
2042 8467 2
8018 4118 2
8599 -4284 2
9254 3857 2
2702 -3116 2
7241 -2158 2
5865 -1971 2
957 -4425 2
3502 -7366 2
8193 6814 2
9630 7769 2
3970 -1593 2
8772 -3252 2
7859 3824 2
9144 -6381 2
6074 -1626 2
3128 -2558 2
1349 3600 2
5451 4433 2
9407 472 2
62 -3329 2
7127 -8072 2
4598 -3695 2
7120 4307 2
1318 2216 2
6472 6113 2
3869 106 2
8882 6623 2
6159 1805 2
5240 -843 2
794 6923 2
7647 1038 2
2615 6874 2
1166 405 2
5559 2799 2
4295 -3991 2
9024 -8211 2
2725 8426 2
665 5315 2
9025 3386 2
6924 6449 2
2844 7580 2
8739 -6410 2
7916 9832 2
1904 -3904 2
2745 -1913 2
3637 3322 2
5731 -5122 2
2137 -7018 2
4345 1891 2
8212 -7899 2
5710 -4308 2
1267 -1217 2
5516 -7708 2
3983 6394 2
269 -5618 2
6883 -9796 2
6591 -3247 2
6963 -6525 2
