1000
-687 6047 1
-7016 4060 1
-9161 8435 1
-7755 417 1
-5843 -4275 1
-414 -3940 1
-4765 3599 1
-3484 -2578 1
-9881 9498 1
-580 1875 1
-8533 -1124 1
-2379 -5848 1
-8600 4799 1
-5922 -9544 1
-6787 8610 1
-4159 4860 1
-313 9626 1
-7669 6728 1
-8331 -6726 1
-5009 864 1
-2246 3259 1
-3714 -8661 1
-5499 6826 1
-5536 8212 1
-7028 9699 1
-9445 4447 1
-6804 5163 1
-7686 -7163 1
-2500 6520 1
-1195 4825 1
-2358 -431 1
-6668 -6167 1
-8960 -928 1
-4645 -4898 1
-5003 -3639 1
-4330 7221 1
-1411 -4021 1
-1273 -3483 1
-2533 580 1
-1360 1220 1
-7666 -8704 1
-4965 842 1
-9088 -2194 1
-6058 -6090 1
-2342 4532 1
-7367 915 1
-9585 2049 1
-4230 7449 1
-4958 5733 1
-7519 -7916 1
-3657 9418 1
-9031 3991 1
-7609 -3084 1
-3265 4473 1
-389 9959 1
-1364 6006 1
-1033 -8989 1
-4136 9046 1
-7830 8395 1
-2061 2823 1
-3311 -6969 1
-7640 -6141 1
-689 -6169 1
-3045 8075 1
-6369 990 1
-4185 3548 1
-8761 -9557 1
-4366 -627 1
-2126 5876 1
-4875 8236 1
-8981 8644 1
-2627 7707 1
-5999 -6849 1
-4639 2394 1
-4685 9207 1
-3283 5628 1
-8921 -9273 1
-8135 634 1
-3432 4510 1
-8804 -3809 1
-1809 9671 1
-1032 -6561 1
-8123 -5177 1
-462 -9672 1
-2924 -8791 1
-5541 -1678 1
-3475 1033 1
-2977 -6489 1
-4382 7688 1
-8097 7226 1
-3959 2367 1
-8111 3833 1
-7467 7961 1
-1556 -2618 1
-7319 -9925 1
-4882 3310 1
-6126 -3266 1
-3440 -7922 1
-9890 7071 1
-1185 -9114 1
-9237 1566 1
-9334 7770 1
-494 2081 1
-7867 6243 1
-3010 -6457 1
-17 -3581 1
-1963 3325 1
-4884 6467 1
-2865 -3108 1
-1469 6469 1
-4081 8739 1
-4759 8544 1
-5336 -304 1
-6217 -2211 1
-2708 -2021 1
-1355 -9746 1
-930 2351 1
-2683 4330 1
-4115 9226 1
-1824 3480 1
-2487 -9485 1
-9668 -4955 1
-7620 -1406 1
-1099 9250 1
-6138 9642 1
-326 -4149 1
-9603 -6310 1
-6443 -562 1
-8922 9498 1
-3663 -660 1
-1666 9256 1
-5567 5121 1
-7901 -647 1
-3198 9095 1
-2236 -7862 1
-4940 9973 1
-2126 -4235 1
-1113 9861 1
-4882 -8757 1
-894 7752 1
-2930 -8494 1
-5532 -106 1
-5966 -1174 1
-7850 -3471 1
-10000 -8418 1
-8264 7784 1
-7314 -8809 1
-5646 3206 1
-7251 -5017 1
-9091 8885 1
-7634 5292 1
-8542 -4731 1
-905 7081 1
-5260 2570 1
-887 7279 1
-9491 8093 1
-1551 -7885 1
-2160 -6016 1
-5744 -2714 1
-8569 2331 1
-5417 -2518 1
-657 -6591 1
-3468 -5843 1
-1227 154 1
-3275 1377 1
-1018 -5205 1
-2803 7696 1
-2748 8313 1
-3917 -7555 1
-4660 448 1
-2030 8719 1
-4058 -2324 1
-7615 -5424 1
-6500 5422 1
-3581 -6001 1
-8528 214 1
-10 6140 1
-8000 5139 1
-7658 -8697 1
-9705 700 1
-4508 -5729 1
-1091 -5054 1
-7812 252 1
-4933 5966 1
-2041 6242 1
-1265 7652 1
-5504 -1837 1
-3902 325 1
-2837 3740 1
-5014 -2467 1
-1457 -1547 1
-2379 3485 1
-1396 388 1
-2997 -8468 1
-5947 -2701 1
-5626 -8518 1
-9077 -3976 1
-7140 7093 1
-4485 5019 1
-285 -5290 1
-2232 -7787 1
-7298 -2090 1
-8830 -233 1
-1108 9128 1
-2951 -6092 1
-3267 4476 1
-6537 4662 1
-7272 311 1
-4671 -9485 1
-1118 5375 1
-1499 -10000 1
-8755 -6729 1
-4282 -2425 1
-4154 4772 1
-6043 2344 1
-6917 3448 1
-9275 -8 1
-8477 6208 1
-1804 -9832 1
-6462 3796 1
-6571 2861 1
-3283 7798 1
-6188 9511 1
-4745 -3120 1
-4663 -9705 1
-7069 -841 1
-4581 -9896 1
-7690 9467 1
-9044 3111 1
-1988 8397 1
-5401 -2408 1
-5148 8214 1
-6356 -3447 1
-470 7568 1
-8941 -4684 1
-7461 9764 1
-3338 -9911 1
-9011 5751 1
-4261 -9277 1
-2521 6618 1
-8364 8230 1
-3717 -3612 1
-4925 5549 1
-9113 6119 1
-9388 7950 1
-3610 3116 1
-3587 6743 1
-2875 1023 1
-6127 -6491 1
-631 746 1
-3962 1220 1
-7736 -3688 1
-598 3830 1
-4700 -7903 1
-4086 -3117 1
-700 4478 1
-9703 9620 1
-2169 -9808 1
-2692 6114 1
-953 260 1
-1952 4568 1
-4021 3573 1
-9244 -3684 1
-4261 7339 1
-9465 -5504 1
-7177 -4805 1
-7868 -3458 1
-9084 -8097 1
-2612 7559 1
-5109 8490 1
-1132 2269 1
-6611 -862 1
-5059 7083 1
-2840 2143 1
-5333 -3784 1
-2555 -7813 1
-4232 -5720 1
-6401 5692 1
-895 -2446 1
-3715 -7826 1
-3044 -4905 1
-4737 1537 1
-4489 -4513 1
-1556 -9316 1
-5869 2415 1
-6748 -4005 1
-7854 8364 1
-7152 1898 1
-1308 -9305 1
-6951 6558 1
-9775 9088 1
-6675 -1470 1
-2214 -2176 1
-2414 -119 1
-5930 4292 1
-9097 -2557 1
-283 -229 1
-5563 3516 1
-4188 5689 1
-9942 -4127 1
-5208 -5412 1
-2241 -435 1
-5542 -6136 1
-7455 -3348 1
-2886 -155 1
-7027 -5874 1
-9223 6134 1
-8353 -4720 1
-4326 8780 1
-3262 -3315 1
-3322 637 1
-6417 -7450 1
-6227 3974 1
-2165 3450 1
-7348 9861 1
-5849 1898 1
-3809 -3356 1
-3410 355 1
-7917 2223 1
-2246 4216 1
-2015 8968 1
-7562 7971 1
-4633 -6782 1
-6165 9172 1
-8294 7192 1
-6074 5706 1
-2508 -3309 1
-8492 4593 1
-8943 5190 1
-4596 -2373 1
-8963 4775 1
-1998 5783 1
-6737 -9585 1
-8339 -2467 1
-1874 4067 1
-9750 569 1
-562 9011 1
-1513 4249 1
-974 6238 1
-2452 -6434 1
-798 -7862 1
-6170 2482 1
-9361 1197 1
-2897 -9318 1
-1829 -2413 1
-7288 8629 1
-8640 -1842 1
-5836 -3078 1
-6468 -8569 1
-9412 -8288 1
-8015 3037 1
-8466 -7195 1
-2585 -8227 1
-6628 -3044 1
-2868 -1097 1
-7927 -9330 1
-1136 -311 1
-4884 7551 1
-5314 -6955 1
-627 -3719 1
-5789 8894 1
-9884 2147 1
-6095 -1958 1
-3582 2856 1
-1218 -2951 1
-4781 2269 1
-911 8636 1
-3020 5 1
-4285 4202 1
-2473 -9370 1
-8572 -8427 1
-6076 5507 1
-9814 -6761 1
-9514 1555 1
-3169 -7061 1
-549 5747 1
-7968 776 1
-4270 -2773 1
-8283 -2433 1
-4677 -4176 1
-4823 -4179 1
-9773 1692 1
-325 -6823 1
-6468 8385 1
-4119 2791 1
-6494 -9557 1
-8364 7884 1
-5934 -8206 1
-4473 9008 1
-4247 6158 1
-9612 -426 1
-5824 6431 1
-2174 4535 1
-7356 979 1
-4563 2332 1
-1414 1751 1
-1286 -2580 1
-5098 -3658 1
-3032 8593 1
-5877 8300 1
-5170 -2080 1
-3227 -7845 1
-4534 5104 1
-5959 4916 1
-8477 6567 1
-5852 -2743 1
-6265 -7532 1
-2711 -762 1
-8589 7682 1
-6764 -6796 1
-3610 -2595 1
-1268 919 1
-5827 1737 1
-130 -9758 1
-5528 -9566 1
-7503 3105 1
-9646 7495 1
-4671 -7746 1
-4009 -1334 1
-7976 3909 1
-8085 -6110 1
-9412 -1886 1
-1357 6333 1
-7369 -5258 1
-5384 -613 1
-8676 -7071 1
-2660 3503 1
-2683 -3178 1
-905 307 1
-6 -6436 1
-7705 2832 1
-6570 -3194 1
-5252 -1929 1
-6420 -4656 1
-1317 -7934 1
-4604 -6994 1
-1077 -3092 1
-2817 -3057 1
-2757 6393 1
-5102 -9504 1
-1611 -703 1
-9076 -3390 1
-3910 3606 1
-376 -5951 1
-2263 2794 1
-7141 -5015 1
-4956 -6675 1
-6465 -9982 1
-7782 9732 1
-4808 5956 1
-9043 3413 1
-1642 -5006 1
-3995 3888 1
-1855 -7640 1
-5185 1736 1
-6468 -3067 1
-7918 6340 1
-2402 1950 1
-1774 -8065 1
-3510 -555 1
-4034 4900 1
-2656 3923 1
-2599 -1314 1
-9991 8606 1
-4269 4557 1
-3564 599 1
-9487 -7441 1
-9482 5299 1
-8414 6095 1
-8770 -6348 1
-9247 3830 1
-6397 -5117 1
-9200 6367 1
-8880 6698 1
-8612 -1641 1
-4726 -9297 1
-1352 -2329 1
-9014 -9051 1
-6479 -1760 1
-4257 3120 1
-7191 5114 1
-5662 -2894 1
-4949 -2581 1
-1447 -9733 1
-2327 -6318 1
-8906 9397 1
-6311 -5081 1
-9478 -4938 1
-2887 -2261 1
-3368 -7805 1
-8822 3529 1
-5509 -3983 1
-8138 -5547 1
-6436 5195 1
-2095 7933 1
-9154 -1372 1
-211 2247 1
-9117 -4775 1
-1556 -8213 1
-5532 4562 1
9588 8013 2
2174 -4443 2
3624 -1559 2
6867 -8080 2
9476 -6751 2
2243 6764 2
9009 -5386 2
5766 -2310 2
650 9443 2
3799 -4702 2
5921 -2396 2
1420 -851 2
9813 -4712 2
9162 -9761 2
6880 6989 2
4796 7229 2
1165 -409 2
7617 -2732 2
3349 -1325 2
6393 7097 2
2044 -8069 2
7165 -9279 2
4778 8877 2
574 -2399 2
5638 -3626 2
9848 -772 2
6995 -4119 2
4504 -3175 2
4245 -6374 2
9787 7831 2
1209 -70 2
2356 -8246 2
9015 -2218 2
6094 9189 2
1508 5948 2
1544 -8225 2
2044 4329 2
3918 5501 2
8865 -7081 2
9403 -5856 2
8559 3893 2
6780 956 2
6308 7556 2
3217 -2036 2
2422 9366 2
4346 -3341 2
1714 5669 2
9726 3820 2
8788 -6847 2
1657 8233 2
9929 2796 2
3280 9771 2
6981 6835 2
2073 9949 2
6018 1484 2
3759 6247 2
6769 -4618 2
2324 6908 2
2315 -7249 2
8630 7939 2
9623 -201 2
8522 -2081 2
5273 -8104 2
4795 3565 2
3393 -6637 2
1799 -4772 2
8807 -785 2
8799 9640 2
261 -264 2
7119 -6802 2
6927 6931 2
8872 -1042 2
8098 5255 2
4746 5371 2
4509 6470 2
1997 1499 2
5266 -1110 2
7112 -5226 2
9190 6771 2
270 2336 2
7388 -3595 2
6656 4952 2
2965 9377 2
2541 9778 2
7226 5535 2
8963 1503 2
8806 3396 2
4875 5648 2
3116 -2231 2
8416 -1363 2
8314 -5938 2
8691 -6292 2
5355 -6601 2
6838 -4998 2
6868 4252 2
6437 -9514 2
3708 -5918 2
8587 8339 2
9116 3990 2
497 -3353 2
2502 -3057 2
9550 4445 2
2903 1851 2
3208 -7831 2
9388 5235 2
8862 -7811 2
757 -3892 2
2674 2054 2
5627 -8133 2
9903 5645 2
9088 9207 2
59 -393 2
3966 5694 2
4912 -6782 2
693 -2014 2
2941 -7568 2
1531 -1774 2
5504 5027 2
4476 8374 2
6489 -5529 2
3477 -7480 2
2227 -9997 2
461 -7340 2
5835 1038 2
4035 -5383 2
421 8135 2
8861 7902 2
1578 -1986 2
5222 -8546 2
6420 -3039 2
8774 5440 2
3555 9948 2
5199 4090 2
2850 -9731 2
2901 -2172 2
839 -8203 2
9358 1141 2
7249 -299 2
4261 3904 2
14 -9692 2
1708 3251 2
3720 4155 2
4210 7120 2
1226 -5032 2
379 -2233 2
4943 6487 2
1649 -703 2
5256 8958 2
7210 -881 2
7591 -9444 2
6925 8003 2
164 3670 2
4065 -9972 2
5287 1367 2
4083 532 2
3058 -7729 2
6535 -7657 2
4821 -7260 2
5934 229 2
7546 -1273 2
1485 3758 2
1260 -3188 2
5134 -7632 2
721 2686 2
4908 9954 2
2571 -8712 2
8150 1190 2
3168 -9559 2
3380 -9346 2
5166 -1145 2
583 8208 2
380 8583 2
8833 8681 2
65 9036 2
279 -7151 2
6431 3162 2
5867 -1973 2
5725 8463 2
8928 9824 2
7255 -6942 2
7155 -8619 2
3817 -2107 2
2742 -9809 2
8025 8656 2
9757 -43 2
3884 9063 2
730 8930 2
8899 -1347 2
6446 -6897 2
2387 2542 2
8572 3609 2
5606 6331 2
7810 -5958 2
9921 -7138 2
9680 -7657 2
286 6187 2
4274 -8364 2
4310 -5963 2
335 -7601 2
6702 -4562 2
3464 7423 2
6431 6851 2
931 8597 2
8700 -7416 2
2792 3666 2
1990 4938 2
9780 -4386 2
166 -512 2
6383 -9371 2
8760 3529 2
7091 -6997 2
3052 7692 2
93 -3725 2
5257 743 2
1229 6478 2
2500 -1113 2
9977 -1680 2
9742 -1207 2
5886 -4009 2
6008 -7774 2
8370 1565 2
3229 -669 2
9005 1140 2
9031 -5467 2
385 8222 2
7288 -673 2
5815 -5684 2
6280 -1165 2
7690 -224 2
5210 2048 2
2265 -2766 2
7660 -4605 2
8675 4872 2
1892 9342 2
36 3359 2
1326 5007 2
4257 7032 2
5113 -5753 2
3973 -1822 2
5484 7658 2
5891 7274 2
6674 41 2
3132 5480 2
9538 1106 2
2456 -2375 2
6599 1247 2
9832 5531 2
8325 -3903 2
8129 1819 2
9262 2915 2
2575 287 2
7194 2499 2
5901 -5084 2
7110 -7432 2
6840 -2949 2
2681 1018 2
3502 -9715 2
4725 -6959 2
2494 6163 2
3150 -2446 2
2725 1682 2
8157 7247 2
2864 -2250 2
1735 -3324 2
5907 -1769 2
7368 1698 2
9130 9352 2
9729 -8027 2
5236 -7792 2
3788 1756 2
4258 -3754 2
580 -1430 2
7756 -670 2
3782 7121 2
1819 -4106 2
7983 -7281 2
6907 -7534 2
6928 -605 2
9288 4503 2
3126 -2454 2
2812 7434 2
2154 121 2
5606 -2334 2
9365 -2907 2
3125 2341 2
2861 1867 2
3823 -9144 2
1691 4924 2
4673 3152 2
6428 -2674 2
4182 2868 2
9964 -4145 2
217 -6790 2
2305 -9610 2
5152 6668 2
5762 -3007 2
3939 -8875 2
7982 1559 2
1603 -3550 2
6180 9618 2
5297 -3817 2
8767 153 2
7508 6408 2
426 4269 2
855 -2682 2
7892 1656 2
7587 3034 2
9882 2995 2
3516 -4909 2
5952 -4386 2
8853 -9124 2
5157 -7385 2
2253 -3456 2
2819 23 2
737 6982 2
6805 -5566 2
7343 -1615 2
2977 -4792 2
7758 606 2
4306 -9997 2
4065 7466 2
4879 -2122 2
6415 5656 2
9269 -2640 2
5703 9121 2
1313 2658 2
2888 2146 2
8582 999 2
1959 -2322 2
4596 6469 2
4403 -2399 2
613 7438 2
314 -2897 2
8300 -82 2
115 2888 2
1601 716 2
1285 -7120 2
6228 2057 2
9753 -2289 2
5322 -7895 2
8130 2502 2
6735 3425 2
3820 -7107 2
3154 3403 2
3639 9843 2
7737 -1899 2
6214 -3941 2
6314 -2742 2
7995 -6150 2
2284 192 2
5374 -6034 2
1594 280 2
5810 794 2
7346 -9124 2
8200 -510 2
1839 -2444 2
1167 7934 2
9208 -4218 2
4694 1914 2
5119 -1396 2
516 -6549 2
5506 -9000 2
994 -6882 2
922 -1643 2
1783 -8243 2
841 410 2
7143 7248 2
2497 6540 2
3582 -7963 2
8386 -8143 2
4699 -7373 2
8651 394 2
3800 -5483 2
549 4248 2
1695 -2586 2
7531 -8930 2
684 3234 2
8370 2073 2
1662 -2432 2
4038 -4675 2
6935 6422 2
3691 -7524 2
610 -3819 2
7421 -6082 2
2365 -7537 2
2175 -5905 2
5727 -3613 2
7973 -3494 2
6472 2585 2
4642 2152 2
3744 1189 2
2091 5936 2
7699 5933 2
6942 -5624 2
7312 -7258 2
2263 5132 2
2554 2361 2
404 5110 2
5610 -6276 2
7983 -6471 2
7663 -2308 2
7548 -726 2
5536 -9510 2
2157 -4317 2
7391 -235 2
4637 -776 2
7515 -3240 2
9072 4526 2
9246 5164 2
1587 5995 2
7246 -6911 2
8660 1917 2
4382 -9833 2
5353 6792 2
9676 9995 2
5402 -5509 2
6817 -5734 2
1055 2565 2
9207 4108 2
5599 -2242 2
2649 -150 2
7645 5378 2
302 -3300 2
6234 8199 2
800 -4015 2
2810 -1295 2
3829 -9075 2
2046 2194 2
3368 2114 2
9909 -3587 2
2915 974 2
8520 -7300 2
1564 9681 2
2830 -1258 2
6788 617 2
5459 9860 2
734 -8361 2
3188 -8726 2
5464 -4788 2
9209 -3883 2
2804 -2941 2
7756 -1996 2
5675 -2306 2
979 -235 2
9892 -5954 2
1178 -5596 2
8098 88 2
5757 9396 2
4029 7007 2
9008 6988 2
7188 1590 2
5595 8069 2
1044 -180 2
9856 -1584 2
3791 3431 2
2100 8915 2
2616 -8610 2
1504 -2733 2
2343 -377 2
4281 1420 2
2308 -5572 2
6208 8689 2
2309 3897 2
8666 8281 2
5486 9634 2
1320 -2155 2
7236 -1316 2
2878 5983 2
5503 -4400 2
6154 -4313 2
1200 -8902 2
719 -6462 2
8635 -776 2
961 -985 2
3661 7225 2
2883 -1194 2
6238 8930 2
286 4777 2
9839 8673 2
9767 6346 2
4689 -3696 2
52 8078 2
8577 -6720 2
6172 3778 2
3880 1799 2
5292 -7383 2
9449 1694 2
2140 3113 2
4160 -6481 2
3181 -2983 2
5381 8839 2
110 7765 2
8265 8 2
9781 2651 2
5412 -8174 2
9618 -2470 2
1352 4288 2
5513 -5780 2
4507 -7517 2
525 2357 2
