1000
-7733 -377 1
-2952 -9149 1
-8 -7906 1
-5409 -5469 1
-8078 -1694 1
-7658 -9801 1
-5923 -979 1
-8863 -7417 1
-9370 -3798 1
-3391 -6616 1
-5024 -3503 1
-4185 -8579 1
-539 -5113 1
-539 -4210 1
-1190 -7144 1
-1219 -8651 1
-9024 -3098 1
-500 -1565 1
-8024 -8499 1
-4902 -9286 1
-4926 -2987 1
-7561 -9881 1
-7332 -5766 1
-1657 -1085 1
-6037 -8339 1
-251 -7982 1
-7000 -9868 1
-6582 -8299 1
-7683 -5899 1
-5820 -4115 1
-9049 -9148 1
-4791 -6399 1
-4951 -2918 1
-9371 -9831 1
-6137 -4263 1
-6486 -350 1
-1643 -7899 1
-9669 -348 1
-95 -4200 1
-301 -5585 1
-3946 -5028 1
-8455 -8780 1
-5473 -8736 1
-2745 -2845 1
-6063 -6392 1
-8025 -5538 1
-2748 -2917 1
-9774 -6359 1
-9067 -322 1
-4974 -2948 1
-7706 -4743 1
-3527 -9934 1
-911 -2567 1
-182 -7764 1
-4527 -231 1
-585 -1495 1
-3749 -429 1
-7042 -1542 1
-6300 -414 1
-6880 -7095 1
-1573 -3156 1
-2719 -1790 1
-6378 -5725 1
-4711 -1618 1
-9314 -2668 1
-5803 -8830 1
-7261 -7084 1
-4958 -7227 1
-5882 -6387 1
-2098 -2526 1
-1867 -4034 1
-6321 -2192 1
-6121 -3453 1
-69 -795 1
-8632 -3897 1
-9130 -5373 1
-945 -746 1
-3929 -1350 1
-6801 -9613 1
-1409 -3463 1
-1715 -1852 1
-4003 -6807 1
-6425 -6732 1
-8860 -2786 1
-8403 -7451 1
-5688 -2178 1
-7774 -7069 1
-2506 -8910 1
-4441 -2638 1
-4405 -6733 1
-2638 -5211 1
-639 -26 1
-8674 -6732 1
-8311 -2379 1
-1125 -4144 1
-5852 -634 1
-1034 -773 1
-166 -5104 1
-1560 -4720 1
-3199 -5241 1
-1621 -5001 1
-4663 -631 1
-7825 -4735 1
-1751 -3525 1
-6059 -9651 1
-552 -6530 1
-3786 -8568 1
-9203 -8154 1
-8726 -355 1
-3697 -348 1
-9 -9604 1
-3441 -141 1
-532 -3498 1
-8303 -7643 1
-6537 -6283 1
-6251 -3713 1
-8593 -2901 1
-6869 -9676 1
-6395 -6336 1
-6983 -3530 1
-2168 -2585 1
-7392 -1585 1
-1399 -5529 1
-5008 -3461 1
-4216 -2634 1
-3995 -5436 1
-6164 -4534 1
-8263 -8539 1
-9115 -2069 1
-7824 -3640 1
-1183 -8027 1
-9635 -2815 1
-6857 -230 1
-2624 -4241 1
-9890 -1874 1
-1453 -5855 1
-9996 -196 1
-4890 -5185 1
-2831 -180 1
-5749 -8523 1
-2905 -487 1
-6538 -4027 1
-7470 -3060 1
-9723 -9358 1
-3039 -7745 1
-3069 -7369 1
-3971 -5940 1
-3073 -2989 1
-1926 -3447 1
-2198 -5057 1
-6855 -3465 1
-6541 -4940 1
-3161 -909 1
-292 -3824 1
-5311 -7788 1
-3896 -8383 1
-7792 -2773 1
-7991 -3124 1
-7334 -5555 1
-8591 -7634 1
-1600 -782 1
-2311 -8815 1
-1430 -3350 1
-4014 -5126 1
-1159 -243 1
-2449 -553 1
-4995 -6275 1
-4193 -3886 1
-11 -7241 1
-8017 -3686 1
-6647 -6153 1
-5128 -8418 1
-2044 -3713 1
-498 -5225 1
-2375 -1202 1
-3327 -3092 1
-4918 -5990 1
-5259 -1972 1
-8824 -766 1
-3031 -842 1
-4335 -479 1
-5534 -8173 1
-2076 -1034 1
-4710 -3215 1
-7247 -886 1
-2857 -3116 1
-2988 -8101 1
-3485 -3706 1
-8186 -8987 1
-8158 -5146 1
-2940 -5620 1
-9704 -6517 1
-4835 -4275 1
-5565 -6319 1
-8938 -8067 1
-4324 -8996 1
-9723 -8739 1
-6671 -4799 1
-4053 -2150 1
-3237 -5820 1
-9258 -8181 1
-7239 -4393 1
-807 -8503 1
-9988 -1106 1
-6349 -2014 1
-4380 -1426 1
-6998 -7804 1
-4080 -982 1
-1508 -8406 1
-7117 -724 1
-5597 -7110 1
-5583 -5031 1
-2692 -6902 1
-906 -4211 1
-4403 -3790 1
-5747 -2750 1
-2976 -9590 1
-3768 -4547 1
-9476 -9829 1
-8996 -8627 1
-6385 -1166 1
-3374 -6412 1
-239 -1293 1
-4910 -7192 1
-5808 -8082 1
-5922 -8517 1
-227 -663 1
-4877 -2372 1
-3793 -255 1
-136 -3722 1
-9794 -7295 1
-4722 -3766 1
-7046 -8593 1
-3993 -9729 1
-2788 -2386 1
-7267 -2765 1
-6537 -311 1
-1088 -8645 1
-75 -3057 1
-1164 -3728 1
-1750 -4685 1
-2388 -9988 1
-1150 -8829 1
-4184 -3062 1
-372 -3735 1
-4695 -1503 1
-8712 -3738 1
-6648 -6665 1
-7795 -6237 1
-7948 -5468 1
-2784 -2064 1
-1323 -5090 1
-9054 -6129 1
-1131 -5019 1
-3330 -457 1
-1964 -3339 1
-4382 -6115 1
-7371 -6630 1
-1382 -7637 1
-7387 -5182 1
-3771 -1417 1
-6414 -8311 1
-2445 -8098 1
-3301 -6204 1
-4354 -1160 1
-7404 -9657 1
-9209 -1470 1
-4878 -7326 1
-8856 -4194 1
-3423 -9507 1
-7144 -2692 1
-442 -1140 1
-1231 -3648 1
-5956 -9760 1
-107 -5960 1
-6402 -3253 1
-865 -5898 1
-5705 -9249 1
-2610 -5956 1
-7653 -1755 1
-5911 -9982 1
-1254 -3485 1
-8948 -1134 1
-3844 -4045 1
-5584 -1375 1
-9252 -9690 1
-9498 -716 1
-6327 -1431 1
-7664 -9376 1
-6900 -1528 1
-4474 -7372 1
-721 -8857 1
-6866 -5820 1
-6509 -5111 1
-5153 -9261 1
-6200 -5804 1
-5514 -2592 1
-9248 -4649 1
-2008 -9674 1
-3924 -7845 1
-7060 -9128 1
-6847 -5131 1
-5500 -1577 1
-8184 -5975 1
-2729 -8792 1
-7805 -5918 1
-8554 -8611 1
-9008 -754 1
-1178 -8208 1
-3176 -6937 1
-966 -5838 1
-3900 -2189 1
-1606 -6446 1
-5677 -9057 1
-3622 -1108 1
-952 -6739 1
-9581 -9928 1
-1156 -3641 1
-3384 -8701 1
-2501 -6126 1
-6797 -7093 1
-2731 -6082 1
-6890 -9589 1
-4166 -3788 1
-109 -8497 1
-4385 -5877 1
-2747 -4851 1
-3082 -5787 1
-122 -8383 1
-3875 -2365 1
-8847 -7325 1
-7904 -9650 1
-8456 -3128 1
-2463 -4315 1
-9734 -5650 1
-6995 -5919 1
-6275 -7376 1
-650 -9582 1
-107 -4712 1
-6676 -3081 1
-493 -3074 1
-8383 -9823 1
-5327 -4718 1
-9649 -636 1
-8140 -8738 1
-8390 -2857 1
-8742 -6329 1
-4514 -9320 1
-5078 -4811 1
-8558 -3018 1
-839 -6141 1
-2904 -32 1
-4058 -6793 1
-8479 -3563 1
-4388 -2578 1
-2961 -7856 1
-8617 -8262 1
-6774 -9940 1
-866 -1615 1
-5064 -8674 1
-9873 -472 1
-8256 -5854 1
-5158 -5874 1
-6857 -9343 1
-5238 -6435 1
-1558 -5902 1
-1187 -1964 1
-5994 -7660 1
-4731 -2660 1
-353 -4624 1
-3978 -9336 1
-4611 -7971 1
-4668 -2017 1
-437 -3912 1
-316 -6456 1
-6231 -6507 1
-490 -9035 1
-9460 -5869 1
-1970 -3212 1
-2660 -6528 1
-8400 -5660 1
-326 -3334 1
-4622 -6089 1
-3244 -2947 1
-8486 -4301 1
-6292 -9955 1
-9814 -4323 1
-8903 -1352 1
-5572 -8518 1
-4290 -2936 1
-8448 -8492 1
-1919 -1492 1
-4401 -9751 1
-4900 -2643 1
-5481 -6851 1
-5668 -6350 1
-3920 -3371 1
-2591 -7413 1
-3834 -4754 1
-1667 -7078 1
-4657 -9031 1
-7980 -6902 1
-1111 -7403 1
-3278 -3879 1
-8248 -295 1
-1375 -7646 1
-5848 -8652 1
-8097 -7262 1
-1944 -9629 1
-7200 -3466 1
-8163 -9701 1
-2902 -7690 1
-183 -1371 1
-7861 -3065 1
-2973 -1757 1
-4987 -3477 1
-8367 -2883 1
-1462 -6570 1
-9822 -3944 1
-5944 -9566 1
-1367 -9752 1
-3521 -4432 1
-6887 -1049 1
-7763 -7227 1
-2364 -7777 1
-2261 -7438 1
-3205 -5713 1
-5720 -8552 1
-8540 -2742 1
-8588 -542 1
-4075 -5217 1
-4004 -1564 1
-4689 -2192 1
-2693 -5847 1
-7267 -3179 1
-9603 -7862 1
-8291 -4947 1
-3065 -8732 1
-8034 -2190 1
-4846 -1620 1
-4601 -9396 1
-2871 -1818 1
-4449 -8969 1
-5749 -8656 1
-6900 -2745 1
-4248 -7040 1
-4496 -9169 1
-8918 -7522 1
-2022 -1409 1
-2366 -2004 1
-549 -3501 1
-9659 -7807 1
-4709 -602 1
-1825 -2055 1
-6897 -50 1
-47 -600 1
-9254 -5921 1
-6038 -8200 1
-9048 -4014 1
-6641 -3946 1
-2497 -5339 1
-1784 -819 1
-7377 -6553 1
-7033 -5649 1
-2323 -9155 1
-7636 -5744 1
-7589 -644 1
-9645 -2696 1
-812 -3636 1
-445 -2498 1
-8239 -7975 1
-9993 -1998 1
-7005 -8554 1
-4874 -108 1
-4381 -3010 1
-8432 -812 1
-6665 -440 1
-1586 -2974 1
-6329 -9046 1
-2719 -6742 1
-6717 -9195 1
-3527 -3799 1
-3960 -5876 1
-7727 -2530 1
-8750 -7626 1
-2695 -4796 1
-967 -5821 1
-9683 -286 1
-278 -4083 1
-508 -4549 1
-3402 -7581 1
-8103 -7691 1
-3048 -1825 1
-5011 -1563 1
-7642 -3599 1
-977 -9670 1
-4161 -7314 1
-7070 -9223 1
-9359 -4220 1
-5082 -364 1
5604 7902 2
5743 9387 2
68 6288 2
8485 5191 2
4204 2672 2
1241 1176 2
4696 7896 2
3966 6060 2
1483 6830 2
9807 5674 2
6932 4813 2
2416 1234 2
5640 6430 2
8714 9903 2
5294 4434 2
1949 5526 2
2848 641 2
8916 1551 2
4011 9292 2
9627 254 2
420 425 2
2768 9610 2
2772 5134 2
159 8779 2
7166 8378 2
152 6887 2
6571 5800 2
822 3786 2
3877 9292 2
5629 7216 2
2831 5318 2
6490 5181 2
6660 4490 2
2194 1883 2
5159 4100 2
377 8288 2
1766 2674 2
9938 5805 2
2864 9033 2
8487 3287 2
44 9092 2
8587 5401 2
5380 2517 2
8703 1868 2
1244 443 2
3756 1127 2
4300 4906 2
5795 256 2
1613 3045 2
2865 2072 2
33 3592 2
5785 8700 2
5404 1342 2
8893 6035 2
4105 7539 2
9141 7743 2
7608 4924 2
4855 7024 2
3102 2963 2
8760 4805 2
8969 1477 2
6572 8017 2
2553 8092 2
266 1363 2
3003 1180 2
7803 1202 2
8324 4074 2
1148 1644 2
2636 2531 2
2610 6081 2
3638 5129 2
3941 2226 2
1571 9151 2
1652 330 2
3533 8958 2
8867 8891 2
8751 8132 2
8841 9510 2
8118 622 2
9894 9963 2
7165 6395 2
4543 4124 2
359 3595 2
896 3537 2
7840 9030 2
5066 8980 2
5645 4347 2
3559 4961 2
9146 762 2
2269 9503 2
5897 4209 2
4338 3295 2
7488 3248 2
2451 9429 2
6094 1872 2
8814 1560 2
8762 582 2
3626 7348 2
4280 2514 2
59 840 2
4874 1527 2
5648 2266 2
3837 2359 2
5735 1098 2
3508 1838 2
1350 6611 2
8637 1699 2
5254 6582 2
3430 4781 2
5446 1936 2
1326 5521 2
2890 234 2
928 9840 2
9071 4859 2
1272 4796 2
5395 1548 2
7376 371 2
7348 2791 2
2072 2398 2
9485 8851 2
2771 7321 2
7828 4408 2
4553 6177 2
4879 1160 2
9710 1126 2
1350 1813 2
8723 3388 2
1373 4369 2
9202 4319 2
1874 9271 2
2484 4871 2
8311 3316 2
9159 1771 2
2381 7325 2
7223 8983 2
5608 5100 2
6858 297 2
2729 2864 2
521 2199 2
3656 7699 2
1767 2823 2
599 9097 2
4474 2388 2
9 1046 2
2009 3793 2
8007 7591 2
9965 9267 2
5570 840 2
5191 8197 2
1101 4410 2
306 7174 2
8356 7251 2
7867 5453 2
3459 4252 2
3585 2843 2
759 7663 2
8246 403 2
1822 4722 2
3734 3727 2
4097 3019 2
2379 75 2
4151 2156 2
4950 9831 2
558 3471 2
438 2129 2
8431 3254 2
5479 9375 2
7234 3288 2
9117 5484 2
3820 4059 2
6627 1713 2
3139 9786 2
3970 519 2
8649 8085 2
9912 4345 2
3036 3076 2
7279 4338 2
4785 8836 2
2339 5839 2
4610 3860 2
5255 757 2
2040 2810 2
5673 5714 2
1509 5763 2
648 406 2
5937 454 2
3380 1055 2
9549 6464 2
9831 3768 2
1677 1968 2
1907 9349 2
1636 9586 2
6143 5827 2
2287 3835 2
8626 5530 2
5756 2304 2
1425 8502 2
7738 8781 2
3082 1119 2
906 8817 2
1488 3516 2
7728 4628 2
1777 5642 2
2019 1356 2
3921 7081 2
9107 1840 2
1527 317 2
4606 9536 2
8841 4340 2
915 4851 2
3395 3564 2
2501 2855 2
6889 9298 2
3373 4701 2
5918 9081 2
613 3454 2
7906 3502 2
719 3246 2
1969 6606 2
9453 7515 2
8494 5613 2
9891 2058 2
1473 1290 2
3827 5014 2
2466 6519 2
4352 9743 2
1702 219 2
3756 7001 2
2061 1777 2
3048 2996 2
4837 924 2
2598 9990 2
5902 2236 2
4538 8464 2
6823 7189 2
7769 9794 2
5663 3255 2
2026 2947 2
3542 8 2
4016 1705 2
7857 9859 2
5539 801 2
9338 8766 2
3751 3377 2
1932 225 2
7531 9716 2
3862 8865 2
2203 7880 2
284 5383 2
4950 6000 2
4562 5981 2
3611 8901 2
6380 7308 2
3889 5712 2
1256 8216 2
4272 4749 2
972 6137 2
6048 7322 2
305 7868 2
2643 9289 2
2954 4536 2
9165 6016 2
1175 2607 2
2829 4982 2
640 74 2
4073 8955 2
3888 912 2
8778 7762 2
24 3775 2
8434 4575 2
5185 7711 2
3208 2266 2
1843 211 2
2471 8056 2
1998 5794 2
6529 4415 2
6433 9584 2
5721 1597 2
8613 4915 2
3804 7439 2
2569 405 2
3855 6099 2
3113 7100 2
1079 8884 2
2904 2567 2
2851 6572 2
7623 9306 2
1007 2967 2
2115 4455 2
5820 4591 2
6063 5066 2
4584 3252 2
5748 5692 2
4377 8235 2
2573 5137 2
8803 6203 2
3929 5220 2
1480 415 2
9217 2627 2
6331 9877 2
9678 2368 2
2290 4017 2
9715 4800 2
1915 3775 2
9199 4185 2
685 6670 2
6684 8140 2
3007 6556 2
7128 2209 2
4744 3437 2
5281 9518 2
8819 7270 2
6010 8875 2
3481 2000 2
5536 1770 2
5695 7817 2
3893 9146 2
2875 8273 2
7183 2339 2
6599 5439 2
2121 3858 2
7636 5347 2
4252 6359 2
4458 5423 2
1707 2627 2
9456 532 2
8798 4099 2
3914 9507 2
3624 4568 2
7678 1454 2
3985 8682 2
7041 4738 2
3913 8715 2
4376 9659 2
431 8727 2
8156 1367 2
9891 2166 2
4713 7677 2
8213 577 2
3537 2092 2
2335 5729 2
5152 2199 2
1974 1587 2
3962 9074 2
9798 3754 2
7848 7259 2
170 9061 2
8994 112 2
1167 5367 2
5830 4697 2
25 7719 2
3244 8539 2
7785 4566 2
9047 7671 2
912 4255 2
9986 4457 2
9902 8669 2
1788 4293 2
7127 7671 2
3620 7556 2
6794 1915 2
3557 4625 2
9745 8666 2
9820 8386 2
2949 8775 2
5657 826 2
6011 2664 2
3172 9820 2
8998 8917 2
1349 5929 2
6011 3545 2
367 4102 2
425 74 2
8071 5304 2
5731 6726 2
9621 9328 2
8288 6605 2
9292 2539 2
5032 4609 2
7340 6118 2
7469 6469 2
709 7022 2
8096 1680 2
9610 4521 2
8476 1276 2
2344 3684 2
8375 3954 2
359 1656 2
1298 6209 2
2310 8757 2
1445 3040 2
986 1459 2
2029 3426 2
690 8085 2
1984 8138 2
5120 6329 2
4784 6592 2
6053 9919 2
2050 8730 2
5709 5522 2
782 6595 2
2524 5147 2
1899 8132 2
2804 646 2
2585 1812 2
2590 2890 2
9919 6489 2
9256 6705 2
9627 7765 2
5317 7593 2
1690 4182 2
8023 2252 2
9137 3227 2
4452 9346 2
7153 3136 2
6764 415 2
9874 8676 2
6747 4760 2
9625 4335 2
5645 5210 2
7915 4152 2
8650 1958 2
3801 3228 2
9032 483 2
1396 4205 2
5181 3848 2
1916 3370 2
8553 4345 2
5358 4448 2
9759 4678 2
6766 8635 2
2283 1707 2
3390 3952 2
6005 8873 2
7543 5088 2
574 1361 2
59 9914 2
7481 8269 2
991 7235 2
7302 7462 2
1356 3246 2
1526 8328 2
9474 9457 2
1181 6786 2
6044 6408 2
3278 901 2
8741 2632 2
3363 5538 2
5339 140 2
9857 5441 2
1235 6688 2
1652 991 2
6234 8541 2
7160 5836 2
4829 5965 2
9897 4848 2
1813 6391 2
1612 586 2
4405 7568 2
255 8098 2
92 2015 2
3052 7244 2
8123 8522 2
182 1464 2
8986 8949 2
2467 5329 2
8556 816 2
1412 7804 2
9829 4939 2
3544 7726 2
2438 1478 2
1938 5812 2
2173 9662 2
9800 404 2
4786 3459 2
4386 1246 2
6991 1064 2
6042 3174 2
4999 6232 2
2917 1260 2
3655 2457 2
9227 1953 2
431 9476 2
2919 9396 2
8679 1776 2
2057 3036 2
5443 5663 2
51 7735 2
1270 2257 2
3008 6346 2
1184 2999 2
3975 5067 2
5280 4802 2
3748 4973 2
1459 4390 2
5524 8518 2
2732 3758 2
5566 5946 2
8537 5456 2
211 7556 2
