1000
-3019 -9819 1
-4406 -8012 1
-8113 -1275 1
-8642 -4856 1
-6386 -1933 1
-1929 -5513 1
-1975 -2695 1
-7825 -4373 1
-7848 -1057 1
-9915 -1813 1
-7028 -4739 1
-5432 -2155 1
-6544 -58 1
-9103 -8011 1
-6718 -85 1
-5045 -1127 1
-4876 -3595 1
-1659 -3628 1
-8700 -3154 1
-8168 -9401 1
-1908 -6297 1
-7428 -7853 1
-482 -5285 1
-3422 -6242 1
-1663 -3746 1
-3444 -8791 1
-4603 -3415 1
-9474 -6846 1
-3336 -216 1
-1775 -6673 1
-6257 -9476 1
-999 -8392 1
-4697 -8824 1
-2434 -5941 1
-3725 -666 1
-88 -4455 1
-9670 -476 1
-1346 -8945 1
-4457 -8506 1
-7784 -2935 1
-8363 -9974 1
-7589 -2489 1
-1412 -8495 1
-2817 -4036 1
-1844 -7892 1
-1392 -1642 1
-4569 -2778 1
-7911 -8241 1
-3929 -4665 1
-4017 -4450 1
-2086 -4702 1
-3790 -8721 1
-1803 -3285 1
-429 -4585 1
-6450 -3553 1
-3930 -8844 1
-9206 -2630 1
-1509 -5828 1
-4798 -3354 1
-1165 -6695 1
-9870 -4297 1
-6113 -487 1
-2506 -2032 1
-2633 -3470 1
-8507 -7890 1
-26 -9450 1
-7390 -7102 1
-3386 -783 1
-2540 -8200 1
-3601 -1068 1
-4617 -7830 1
-2930 -5573 1
-9815 -975 1
-2643 -2668 1
-5243 -6987 1
-4873 -1956 1
-8250 -1411 1
-4344 -1385 1
-4475 -712 1
-1306 -7907 1
-1127 -3037 1
-9207 -2034 1
-5767 -1186 1
-7839 -6980 1
-3915 -8380 1
-4638 -7010 1
-3682 -4538 1
-1280 -1197 1
-4071 -5537 1
-6789 -2920 1
-2888 -3639 1
-9792 -7679 1
-7014 -9665 1
-9919 -2474 1
-3823 -130 1
-8073 -6826 1
-9264 -7529 1
-8883 -4724 1
-981 -9201 1
-3515 -5809 1
-2945 -5309 1
-7141 -710 1
-4474 -1794 1
-3278 -3268 1
-6682 -1832 1
-3865 -3375 1
-2045 -5543 1
-5489 -2889 1
-3285 -7248 1
-2982 -7132 1
-3953 -6626 1
-6319 -3375 1
-9515 -9801 1
-4235 -6234 1
-9670 -8388 1
-2327 -8706 1
-3263 -4034 1
-2056 -6948 1
-3472 -8864 1
-4401 -3058 1
-3933 -4469 1
-3390 -103 1
-4590 -9790 1
-7839 -7671 1
-7630 -6023 1
-859 -9857 1
-6366 -9149 1
-8652 -4833 1
-1179 -1716 1
-810 -5738 1
-3090 -1236 1
-3109 -2422 1
-4425 -4103 1
-8745 -4943 1
-5312 -3832 1
-2391 -6573 1
-147 -1280 1
-2898 -674 1
-1014 -9343 1
-6522 -6351 1
-5668 -6745 1
-2079 -1356 1
-669 -2837 1
-505 -3007 1
-901 -5240 1
-8777 -6736 1
-9783 -5784 1
-6128 -594 1
-4454 -3375 1
-3204 -3283 1
-1920 -2372 1
-4651 -9901 1
-9356 -4580 1
-9314 -8359 1
-7496 -741 1
-7912 -5797 1
-5393 -8817 1
-5509 -7284 1
-5342 -2772 1
-8485 -9973 1
-1616 -6947 1
-1754 -9161 1
-6229 -3851 1
-9209 -4699 1
-8316 -6344 1
-6399 -8342 1
-6995 -6768 1
-3182 -1458 1
-4978 -3020 1
-9210 -5487 1
-7833 -1808 1
-8427 -7710 1
-4344 -6165 1
-1370 -4938 1
-7572 -3114 1
-7921 -1156 1
-629 -742 1
-7251 -6771 1
-7189 -7638 1
-4386 -2654 1
-8080 -769 1
-9655 -7380 1
-175 -8251 1
-4300 -2893 1
-872 -9568 1
-3954 -5191 1
-6736 -9237 1
-7743 -2693 1
-8465 -2724 1
-9530 -9384 1
-6525 -9455 1
-1202 -623 1
-3202 -6692 1
-8654 -9068 1
-729 -5996 1
-7350 -5474 1
-3458 -306 1
-47 -4045 1
-7905 -3710 1
-9062 -4633 1
-5912 -8957 1
-4717 -3721 1
-7346 -1546 1
-3936 -1397 1
-963 -5339 1
-6756 -6605 1
-2960 -377 1
-3415 -8799 1
-8492 -2071 1
-8582 -4072 1
-6730 -657 1
-8953 -5065 1
-5423 -9264 1
-6638 -74 1
-2744 -6122 1
-944 -9039 1
-2254 -8563 1
-1533 -5729 1
-6193 -9276 1
-5589 -7562 1
-927 -5785 1
-855 -6914 1
-9282 -2311 1
-4723 -6679 1
-4079 -2228 1
-6409 -6028 1
-3265 -9942 1
-2799 -4634 1
-7103 -3299 1
-3767 -1855 1
-9493 -3767 1
-3397 -183 1
-9228 -2584 1
-5911 -3932 1
-8486 -5912 1
-2828 -2925 1
-6461 -343 1
-7456 -8917 1
-5009 -6459 1
-8385 -4126 1
-1575 -5585 1
-3256 -227 1
-6835 -3227 1
-7704 -1624 1
-6774 -3239 1
-6805 -1430 1
-7736 -1708 1
-5965 -9420 1
-5327 -567 1
-2901 -2312 1
-6211 -5381 1
-1600 -8765 1
-6715 -1995 1
-6261 -5993 1
-4423 -3725 1
-600 -2845 1
-7168 -203 1
-3783 -255 1
-8437 -6758 1
-652 -145 1
-1445 -7552 1
-9365 -107 1
-391 -2502 1
-6727 -7938 1
-4575 -8557 1
-9765 -994 1
-2592 -8026 1
-6978 -308 1
-1493 -8675 1
-5737 -739 1
-3155 -7987 1
-2426 -1171 1
-5823 -9748 1
-1742 -3449 1
-3564 -7818 1
-1811 -4929 1
-2202 -871 1
-8223 -2746 1
-1120 -5870 1
-271 -5485 1
-2074 -506 1
-5440 -3529 1
-6100 -7251 1
-421 -1251 1
-8977 -3614 1
-3724 -2450 1
-8219 -4250 1
-2791 -1088 1
-3336 -242 1
-6299 -2705 1
-6623 -2499 1
-1247 -4140 1
-2669 -8279 1
-6897 -1199 1
-5192 -1280 1
-6291 -6347 1
-60 -1002 1
-7061 -2737 1
-3897 -4196 1
-5234 -5781 1
-6787 -7751 1
-6903 -7323 1
-3984 -8220 1
-4522 -5372 1
-1669 -9820 1
-6077 -8451 1
-5800 -3712 1
-6418 -8008 1
-7917 -8953 1
-2664 -1011 1
-1197 -1092 1
-2939 -1707 1
-9540 -9378 1
-7596 -3577 1
-7322 -6250 1
-4291 -3456 1
-6233 -466 1
-2243 -5497 1
-1316 -4594 1
-8144 -8419 1
-3399 -9033 1
-9140 -4355 1
-1803 -4079 1
-96 -2765 1
-4235 -5544 1
-2947 -3815 1
-3870 -9032 1
-1189 -6482 1
-9885 -3555 1
-5260 -9563 1
-9994 -2750 1
-3299 -4449 1
-8943 -4559 1
-5642 -8080 1
-6891 -9310 1
-4068 -9563 1
-9690 -9260 1
-6557 -6554 1
-1612 -4765 1
-6506 -6438 1
-4781 -111 1
-6101 -2248 1
-2337 -8452 1
-7801 -1322 1
-2385 -9116 1
-1982 -6984 1
-78 -9612 1
-5690 -6952 1
-4492 -2407 1
-8025 -8596 1
-2885 -5092 1
-8178 -4191 1
-8016 -1608 1
-6815 -6618 1
-2079 -4088 1
-8447 -8310 1
-5662 -3365 1
-3502 -7479 1
-2917 -8105 1
-5202 -4713 1
-6080 -4391 1
-5072 -123 1
-6718 -7682 1
-9279 -2249 1
-907 -935 1
-8080 -4954 1
-8817 -7342 1
-4124 -4153 1
-4653 -2527 1
-4275 -5320 1
-1970 -1269 1
-33 -6475 1
-5328 -9377 1
-9718 -1461 1
-1705 -936 1
-6173 -2594 1
-3746 -8171 1
-43 -5861 1
-2894 -5062 1
-9572 -4606 1
-5738 -5245 1
-4058 -8893 1
-4270 -6876 1
-6097 -3912 1
-59 -6516 1
-4292 -7868 1
-2272 -7377 1
-3768 -1002 1
-6325 -5393 1
-2183 -1717 1
-8468 -195 1
-9343 -8289 1
-8939 -7346 1
-6735 -5180 1
-4428 -2010 1
-8423 -8119 1
-8070 -5924 1
-2329 -3305 1
-9642 -3093 1
-2571 -6482 1
-412 -7452 1
-2817 -6371 1
-4961 -586 1
-704 -8985 1
-3179 -7139 1
-8555 -855 1
-5058 -5165 1
-9006 -3740 1
-5412 -5990 1
-9947 -7611 1
-8414 -2597 1
-3804 -3681 1
-6762 -5857 1
-5739 -1091 1
-6568 -9515 1
-3540 -7974 1
-1695 -1293 1
-5291 -2247 1
-1894 -4714 1
-650 -5125 1
-4692 -8765 1
-6259 -9268 1
-8843 -1647 1
-9220 -9245 1
-9036 -499 1
-6421 -5011 1
-2171 -1032 1
-3772 -6575 1
-8941 -8182 1
-3043 -9413 1
-5795 -7589 1
-4995 -9557 1
-8853 -4427 1
-4466 -4109 1
-3515 -808 1
-8546 -2789 1
-6661 -9463 1
-8385 -5532 1
-3830 -1290 1
-8218 -9542 1
-6541 -2351 1
-9571 -210 1
-5528 -3883 1
-7282 -8285 1
-4961 -470 1
-7410 -1808 1
-455 -4803 1
-80 -7493 1
-7168 -7305 1
-5170 -5841 1
-7201 -4222 1
-3672 -3255 1
-3496 -5559 1
-5791 -8296 1
-4356 -9411 1
-3366 -5091 1
-8329 -2331 1
-8790 -4645 1
-4766 -7674 1
-7310 -7842 1
-2012 -7183 1
-715 -8757 1
-8157 -7121 1
-8166 -6727 1
-4499 -4881 1
-9717 -2163 1
-5435 -5311 1
-4346 -3103 1
-6549 -5895 1
-5951 -7412 1
-187 -9047 1
-2252 -4145 1
-9258 -6527 1
-8569 -5970 1
-4334 -2003 1
-6098 -1126 1
-8303 -9954 1
-5695 -6316 1
-8132 -2329 1
-6219 -6097 1
-5740 -2344 1
-7263 -1178 1
-3621 -2553 1
-1842 -282 1
-4713 -4923 1
-3110 -7409 1
-9498 -5136 1
-1458 -6347 1
-8085 -1709 1
-4261 -8085 1
-9328 -2628 1
-6726 -8771 1
-777 -2566 1
-2950 -471 1
-1754 -2011 1
-7697 -2734 1
-1008 -516 1
-7272 -9182 1
-7025 -1986 1
-8252 -3493 1
7047 6761 2
4102 7769 2
3634 8733 2
3957 2249 2
2928 7587 2
2275 5739 2
4183 2843 2
2544 9157 2
8710 8662 2
9853 3839 2
9045 148 2
3240 6475 2
3404 7437 2
8148 6840 2
7404 9625 2
6139 739 2
3507 6887 2
5481 3124 2
4699 4995 2
7478 8532 2
5562 470 2
4562 4740 2
4190 922 2
4661 907 2
3911 9916 2
6900 398 2
8655 4511 2
109 1653 2
8525 8592 2
3243 3539 2
5745 9839 2
6048 984 2
8641 5442 2
6058 7672 2
2695 3273 2
2042 8241 2
7851 9596 2
7164 1762 2
6513 2364 2
5017 1018 2
9775 4917 2
1962 7953 2
7137 4774 2
5589 8468 2
1639 2222 2
5105 1016 2
7243 4541 2
2725 2534 2
8051 4933 2
6787 8928 2
4585 394 2
9726 3558 2
2531 7421 2
8451 9486 2
7814 9512 2
5605 2112 2
4487 7865 2
9150 9629 2
4080 8401 2
7139 6778 2
9089 5371 2
6857 7928 2
7596 6205 2
5695 6725 2
9365 3733 2
4360 949 2
5263 3829 2
1546 6973 2
2923 7845 2
4280 9647 2
276 3634 2
9242 1482 2
9672 9152 2
582 7417 2
973 8994 2
4458 7738 2
8425 3376 2
2182 4976 2
4685 5477 2
7860 2924 2
1508 1319 2
152 6677 2
1058 8246 2
9441 1047 2
4772 3603 2
5814 8477 2
7081 1694 2
1307 1322 2
8861 9459 2
9077 4538 2
8080 9187 2
6020 6553 2
2298 610 2
8687 351 2
4896 109 2
7017 234 2
2373 5127 2
5645 8558 2
925 7132 2
216 452 2
9975 258 2
2081 3393 2
1957 7015 2
9316 898 2
1197 6944 2
2360 610 2
9477 7998 2
5303 5987 2
2244 7377 2
8360 6930 2
2676 8658 2
596 6916 2
7737 8148 2
8340 3436 2
8797 8439 2
1951 4050 2
219 4047 2
9308 9127 2
6459 9140 2
2024 2894 2
9581 2372 2
9422 3832 2
3895 6431 2
1886 8507 2
3102 1132 2
6525 398 2
5647 2116 2
7399 98 2
5247 7595 2
7631 4494 2
9536 4605 2
7536 4071 2
8388 6225 2
2112 6514 2
2684 9957 2
5866 9582 2
4666 7846 2
7784 2304 2
2754 4211 2
6061 5278 2
6667 7624 2
1808 4974 2
4602 8767 2
9064 7013 2
8694 5337 2
7595 9260 2
74 1218 2
3323 1626 2
2933 474 2
5509 2294 2
2719 1073 2
3346 7564 2
2039 973 2
1452 2461 2
1070 1505 2
109 7929 2
7070 3868 2
3671 3829 2
8890 4151 2
231 5734 2
5500 8263 2
7993 2896 2
2435 2505 2
3254 2098 2
2540 8684 2
1555 6001 2
5464 1103 2
8179 8598 2
7615 178 2
2445 5903 2
1680 8485 2
1022 1156 2
9486 6182 2
6136 1719 2
1777 253 2
8212 3459 2
497 7777 2
1589 269 2
3121 8822 2
5368 1721 2
2257 2373 2
8138 811 2
1481 5602 2
3299 2224 2
173 6973 2
1968 9826 2
8305 3974 2
555 922 2
7686 2145 2
6883 758 2
8811 3584 2
9234 9514 2
9593 3620 2
6890 7195 2
2753 2104 2
7702 9520 2
4862 2405 2
8332 5618 2
3260 4961 2
378 8647 2
6255 6351 2
3456 8921 2
3864 6196 2
5511 4514 2
1297 336 2
2856 2636 2
6393 5921 2
5923 7851 2
7764 1034 2
6538 3429 2
876 4338 2
7966 9465 2
1417 2307 2
1550 494 2
6382 2211 2
3419 3375 2
9460 6305 2
1159 9982 2
9200 6139 2
6751 3859 2
8626 6973 2
9346 5346 2
5217 8799 2
547 8614 2
1814 8535 2
600 2404 2
8097 5052 2
3122 9416 2
7408 6043 2
4860 3475 2
2081 5463 2
9101 3536 2
136 5636 2
2522 1458 2
7629 8113 2
2144 6121 2
9450 8345 2
533 5443 2
1674 3929 2
5053 4194 2
5253 2015 2
1172 9339 2
3967 7135 2
8268 2653 2
3634 8789 2
1954 8285 2
6827 5198 2
8676 9342 2
31 9539 2
5423 7436 2
5986 7149 2
4681 971 2
9665 5259 2
4949 2565 2
3262 2572 2
692 7617 2
8276 1643 2
3744 7755 2
761 7852 2
8764 7482 2
7688 2231 2
3622 2869 2
6600 9148 2
3597 6514 2
255 982 2
1298 4233 2
5059 7237 2
587 1765 2
9221 4230 2
6870 958 2
9051 7875 2
2018 465 2
5756 7152 2
1230 4242 2
1135 8751 2
887 7563 2
2812 7382 2
8063 2636 2
6995 2140 2
1080 5134 2
6212 8413 2
5095 9521 2
1099 71 2
1078 3197 2
4209 7127 2
7224 8611 2
6214 4209 2
3195 1455 2
5507 4083 2
7691 7264 2
8613 8075 2
8268 4729 2
6876 8030 2
9613 850 2
4174 7704 2
2248 1005 2
7268 5264 2
8575 3663 2
1721 8763 2
670 2907 2
7285 9554 2
4347 7116 2
9418 5875 2
7502 1349 2
8784 6565 2
1391 7924 2
3995 8745 2
6844 3842 2
1015 234 2
9179 1453 2
6396 69 2
5764 4534 2
9560 9974 2
3031 1893 2
7564 9429 2
4397 7757 2
4400 6211 2
8743 280 2
4100 1818 2
598 3536 2
2472 6131 2
3689 4495 2
5434 8315 2
8535 6227 2
4445 6166 2
1168 6487 2
1351 2007 2
4741 3191 2
2420 957 2
3955 2007 2
4810 24 2
7576 1234 2
1247 9699 2
8675 6468 2
9630 2361 2
1371 2327 2
7222 679 2
2238 769 2
6850 491 2
9178 5288 2
3093 1262 2
3129 1256 2
7081 283 2
3760 8830 2
4273 3167 2
1639 118 2
839 2723 2
3231 6600 2
9409 5882 2
3847 3873 2
3319 197 2
6985 8822 2
9173 3013 2
1380 5868 2
5240 5241 2
9874 5361 2
4157 9711 2
7207 8512 2
764 1869 2
8517 3292 2
1119 4675 2
2057 8482 2
4728 9606 2
9871 7103 2
2642 1853 2
853 7039 2
2007 1132 2
6953 6423 2
2302 7048 2
236 4407 2
6247 3109 2
9609 6117 2
8707 6811 2
7858 1239 2
6593 4819 2
7176 4859 2
2641 92 2
5942 5743 2
738 495 2
1306 1840 2
4125 5843 2
2473 8894 2
8623 1461 2
8144 301 2
4796 4712 2
8348 6612 2
1152 3499 2
7567 5647 2
397 4493 2
2218 6328 2
1361 8263 2
8462 4507 2
4347 9788 2
1947 6858 2
7093 4831 2
563 4120 2
4395 2990 2
2484 5812 2
4908 7757 2
3050 5211 2
3157 8764 2
4681 4328 2
9360 7535 2
9287 3756 2
2186 519 2
3162 641 2
6235 4905 2
3725 2584 2
507 963 2
6019 8408 2
578 904 2
8821 4044 2
9427 5704 2
8142 1371 2
392 5955 2
8717 5884 2
9707 3416 2
1393 8035 2
355 2755 2
8403 9929 2
2847 19 2
2789 8904 2
2275 9852 2
6876 6510 2
70 4973 2
1863 3684 2
8730 1792 2
9984 9756 2
7808 8834 2
9743 7472 2
3678 2518 2
3494 337 2
901 2702 2
1182 4823 2
6534 8673 2
8301 1592 2
3124 1196 2
663 1029 2
783 2411 2
5835 4608 2
607 7266 2
6293 5569 2
8641 8892 2
3661 3085 2
1616 9177 2
2140 9023 2
7539 2302 2
8797 6624 2
2901 5942 2
3437 11 2
6957 5907 2
7048 1945 2
2590 7354 2
128 4635 2
572 3974 2
5494 6940 2
8443 7848 2
1116 4819 2
2621 1358 2
5484 8875 2
7549 6064 2
1811 7672 2
9962 7285 2
7693 5099 2
6283 1572 2
7820 4288 2
8651 7241 2
9964 9960 2
7872 421 2
9672 6773 2
7396 718 2
931 9240 2
4036 8330 2
2398 4341 2
8761 8212 2
259 9757 2
2032 3626 2
4068 8726 2
5513 3361 2
9382 6204 2
3370 8605 2
2473 4205 2
8470 7214 2
1427 9730 2
7644 1338 2
3325 77 2
1348 6672 2
1383 9939 2
1882 1856 2
56 6523 2
3921 3066 2
2276 2552 2
4556 252 2
7169 5714 2
8731 7986 2
5777 968 2
4204 571 2
5942 7255 2
3279 7513 2
8793 2236 2
